3000 8991
1 2 1
1 3 1
1 4 1
1 5 1
1 6 1
1 8 1
1 9 1
1 10 1
1 14 1
1 15 1
1 16 1
1 20 1
1 26 1
1 34 1
1 36 1
1 39 1
1 48 1
1 54 1
1 57 1
1 72 1
1 78 1
1 101 1
1 115 1
1 123 1
1 129 1
1 144 1
1 165 1
1 173 1
1 215 1
1 223 1
1 225 1
1 227 1
1 293 1
1 304 1
1 306 1
1 314 1
1 317 1
1 342 1
1 367 1
1 392 1
1 411 1
1 477 1
1 553 1
1 572 1
1 594 1
1 711 1
1 715 1
1 718 1
1 765 1
1 768 1
1 776 1
1 784 1
1 820 1
1 823 1
1 883 1
1 897 1
1 961 1
1 1011 1
1 1062 1
1 1075 1
1 1105 1
1 1119 1
1 1179 1
1 1234 1
1 1247 1
1 1345 1
1 1459 1
1 1507 1
1 1526 1
1 1536 1
1 1542 1
1 1607 1
1 1621 1
1 1627 1
1 1635 1
1 1639 1
1 1660 1
1 1728 1
1 1825 1
1 1835 1
1 1880 1
1 1914 1
1 1966 1
1 2004 1
1 2026 1
1 2074 1
1 2105 1
1 2194 1
1 2382 1
1 2496 1
1 2618 1
1 2684 1
1 2717 1
1 2807 1
1 2889 1
1 2992 1
2 7 1
2 22 1
2 45 1
2 59 1
2 84 1
2 93 1
2 99 1
2 173 1
2 208 1
2 287 1
2 643 1
2 704 1
2 749 1
2 799 1
2 890 1
2 943 1
2 1032 1
2 1108 1
2 1171 1
2 1186 1
2 1388 1
2 1476 1
2 1688 1
2 2060 1
2 2303 1
3 5 1
3 6 1
3 8 1
3 59 1
3 71 1
3 76 1
3 86 1
3 122 1
3 166 1
3 315 1
3 421 1
3 502 1
3 533 1
3 588 1
3 678 1
3 788 1
3 906 1
3 960 1
3 972 1
3 1063 1
3 1306 1
3 1523 1
3 1567 1
3 1676 1
3 1824 1
3 1915 1
3 1918 1
3 2254 1
3 2497 1
3 2595 1
3 2676 1
3 2742 1
3 2833 1
4 5 1
4 6 1
4 11 1
4 17 1
4 19 1
4 21 1
4 22 1
4 23 1
4 26 1
4 38 1
4 53 1
4 58 1
4 71 1
4 79 1
4 81 1
4 89 1
4 104 1
4 113 1
4 128 1
4 150 1
4 213 1
4 216 1
4 217 1
4 221 1
4 225 1
4 236 1
4 243 1
4 251 1
4 252 1
4 282 1
4 290 1
4 296 1
4 303 1
4 308 1
4 405 1
4 435 1
4 459 1
4 462 1
4 488 1
4 527 1
4 530 1
4 555 1
4 637 1
4 652 1
4 701 1
4 713 1
4 752 1
4 791 1
4 832 1
4 841 1
4 858 1
4 872 1
4 925 1
4 1126 1
4 1179 1
4 1197 1
4 1237 1
4 1257 1
4 1286 1
4 1310 1
4 1400 1
4 1467 1
4 1548 1
4 1581 1
4 1595 1
4 1608 1
4 1678 1
4 1680 1
4 1714 1
4 1754 1
4 1872 1
4 1972 1
4 2039 1
4 2061 1
4 2167 1
4 2270 1
4 2297 1
4 2322 1
4 2378 1
4 2383 1
4 2503 1
4 2622 1
4 2664 1
4 2713 1
4 2743 1
4 2769 1
4 2797 1
4 2799 1
4 2841 1
4 2863 1
4 2864 1
4 2982 1
5 7 1
5 10 1
5 12 1
5 15 1
5 18 1
5 36 1
5 37 1
5 49 1
5 51 1
5 52 1
5 90 1
5 99 1
5 117 1
5 119 1
5 121 1
5 125 1
5 155 1
5 185 1
5 213 1
5 228 1
5 242 1
5 266 1
5 274 1
5 314 1
5 319 1
5 347 1
5 384 1
5 394 1
5 424 1
5 431 1
5 433 1
5 467 1
5 481 1
5 505 1
5 542 1
5 615 1
5 652 1
5 673 1
5 726 1
5 728 1
5 731 1
5 735 1
5 744 1
5 897 1
5 936 1
5 957 1
5 1010 1
5 1087 1
5 1177 1
5 1192 1
5 1221 1
5 1241 1
5 1266 1
5 1329 1
5 1362 1
5 1384 1
5 1399 1
5 1403 1
5 1408 1
5 1473 1
5 1534 1
5 1568 1
5 1575 1
5 1620 1
5 1694 1
5 1724 1
5 1763 1
5 1856 1
5 1857 1
5 1957 1
5 1994 1
5 2019 1
5 2040 1
5 2044 1
5 2064 1
5 2096 1
5 2127 1
5 2252 1
5 2253 1
5 2307 1
5 2313 1
5 2325 1
5 2326 1
5 2335 1
5 2367 1
5 2412 1
5 2486 1
5 2514 1
5 2544 1
5 2581 1
5 2615 1
5 2723 1
5 2765 1
5 2767 1
5 2788 1
5 2900 1
5 2972 1
5 2977 1
6 7 1
6 24 1
6 32 1
6 38 1
6 43 1
6 48 1
6 51 1
6 53 1
6 66 1
6 88 1
6 91 1
6 95 1
6 98 1
6 113 1
6 116 1
6 129 1
6 139 1
6 143 1
6 150 1
6 158 1
6 169 1
6 172 1
6 196 1
6 214 1
6 233 1
6 257 1
6 258 1
6 260 1
6 294 1
6 301 1
6 320 1
6 334 1
6 402 1
6 421 1
6 484 1
6 487 1
6 490 1
6 510 1
6 518 1
6 522 1
6 523 1
6 524 1
6 529 1
6 530 1
6 570 1
6 576 1
6 582 1
6 626 1
6 755 1
6 777 1
6 792 1
6 795 1
6 818 1
6 826 1
6 879 1
6 893 1
6 902 1
6 971 1
6 1071 1
6 1093 1
6 1180 1
6 1205 1
6 1233 1
6 1268 1
6 1391 1
6 1396 1
6 1471 1
6 1480 1
6 1521 1
6 1562 1
6 1572 1
6 1576 1
6 1657 1
6 1735 1
6 1741 1
6 1783 1
6 1821 1
6 1846 1
6 1851 1
6 1898 1
6 1952 1
6 1957 1
6 2017 1
6 2092 1
6 2173 1
6 2193 1
6 2267 1
6 2379 1
6 2458 1
6 2575 1
6 2657 1
6 2673 1
6 2677 1
6 2717 1
6 2847 1
6 2896 1
7 8 1
7 9 1
7 13 1
7 14 1
7 15 1
7 44 1
7 46 1
7 55 1
7 56 1
7 60 1
7 62 1
7 65 1
7 72 1
7 76 1
7 78 1
7 112 1
7 136 1
7 153 1
7 155 1
7 207 1
7 210 1
7 217 1
7 226 1
7 253 1
7 284 1
7 333 1
7 339 1
7 423 1
7 425 1
7 434 1
7 445 1
7 470 1
7 476 1
7 494 1
7 535 1
7 559 1
7 740 1
7 799 1
7 873 1
7 874 1
7 936 1
7 958 1
7 960 1
7 1013 1
7 1135 1
7 1148 1
7 1189 1
7 1216 1
7 1348 1
7 1367 1
7 1378 1
7 1380 1
7 1401 1
7 1567 1
7 1726 1
7 1789 1
7 1824 1
7 1982 1
7 2057 1
7 2236 1
7 2247 1
7 2312 1
7 2545 1
7 2702 1
7 2724 1
7 2783 1
7 2784 1
7 2856 1
8 9 1
8 10 1
8 11 1
8 12 1
8 16 1
8 17 1
8 18 1
8 20 1
8 29 1
8 32 1
8 35 1
8 40 1
8 41 1
8 42 1
8 46 1
8 54 1
8 62 1
8 69 1
8 77 1
8 86 1
8 93 1
8 157 1
8 160 1
8 177 1
8 181 1
8 184 1
8 204 1
8 226 1
8 238 1
8 241 1
8 262 1
8 267 1
8 269 1
8 307 1
8 310 1
8 331 1
8 353 1
8 354 1
8 397 1
8 453 1
8 513 1
8 527 1
8 533 1
8 548 1
8 574 1
8 579 1
8 597 1
8 618 1
8 620 1
8 621 1
8 633 1
8 639 1
8 646 1
8 675 1
8 802 1
8 815 1
8 847 1
8 857 1
8 925 1
8 1029 1
8 1052 1
8 1083 1
8 1108 1
8 1130 1
8 1143 1
8 1160 1
8 1191 1
8 1203 1
8 1329 1
8 1335 1
8 1345 1
8 1424 1
8 1438 1
8 1499 1
8 1588 1
8 1593 1
8 1636 1
8 1671 1
8 1687 1
8 1693 1
8 1697 1
8 1743 1
8 1749 1
8 1822 1
8 1841 1
8 1961 1
8 1974 1
8 1998 1
8 2175 1
8 2197 1
8 2199 1
8 2273 1
8 2287 1
8 2294 1
8 2399 1
8 2401 1
8 2412 1
8 2458 1
8 2470 1
8 2506 1
8 2509 1
8 2510 1
8 2561 1
8 2565 1
8 2602 1
8 2604 1
8 2640 1
8 2666 1
8 2729 1
8 2756 1
8 2775 1
8 2962 1
8 2976 1
9 24 1
9 32 1
9 36 1
9 47 1
9 50 1
9 70 1
9 80 1
9 107 1
9 114 1
9 127 1
9 170 1
9 217 1
9 219 1
9 226 1
9 229 1
9 240 1
9 257 1
9 271 1
9 348 1
9 374 1
9 388 1
9 401 1
9 520 1
9 548 1
9 549 1
9 577 1
9 595 1
9 697 1
9 791 1
9 798 1
9 845 1
9 859 1
9 862 1
9 900 1
9 931 1
9 999 1
9 1040 1
9 1056 1
9 1146 1
9 1278 1
9 1281 1
9 1309 1
9 1415 1
9 1529 1
9 1655 1
9 1779 1
9 1785 1
9 1786 1
9 1828 1
9 1848 1
9 2088 1
9 2124 1
9 2142 1
9 2305 1
9 2320 1
9 2351 1
9 2599 1
9 2601 1
9 2699 1
9 2732 1
9 2737 1
9 2777 1
9 2980 1
9 3000 1
10 11 1
10 12 1
10 13 1
10 20 1
10 25 1
10 31 1
10 45 1
10 46 1
10 49 1
10 53 1
10 55 1
10 61 1
10 64 1
10 82 1
10 87 1
10 89 1
10 91 1
10 100 1
10 103 1
10 105 1
10 106 1
10 135 1
10 141 1
10 154 1
10 159 1
10 161 1
10 175 1
10 179 1
10 180 1
10 189 1
10 199 1
10 215 1
10 220 1
10 221 1
10 227 1
10 240 1
10 249 1
10 279 1
10 295 1
10 301 1
10 302 1
10 328 1
10 348 1
10 349 1
10 351 1
10 354 1
10 360 1
10 361 1
10 396 1
10 403 1
10 416 1
10 439 1
10 444 1
10 478 1
10 497 1
10 514 1
10 543 1
10 545 1
10 622 1
10 628 1
10 637 1
10 644 1
10 673 1
10 692 1
10 736 1
10 737 1
10 815 1
10 869 1
10 882 1
10 894 1
10 917 1
10 922 1
10 926 1
10 929 1
10 945 1
10 985 1
10 1132 1
10 1159 1
10 1274 1
10 1280 1
10 1283 1
10 1364 1
10 1393 1
10 1453 1
10 1465 1
10 1507 1
10 1583 1
10 1599 1
10 1629 1
10 1664 1
10 1733 1
10 1770 1
10 1852 1
10 1962 1
10 1988 1
10 2014 1
10 2026 1
10 2088 1
10 2267 1
10 2272 1
10 2300 1
10 2321 1
10 2381 1
10 2416 1
10 2428 1
10 2449 1
10 2486 1
10 2496 1
10 2521 1
10 2573 1
10 2628 1
10 2666 1
10 2733 1
10 2872 1
10 2911 1
10 2963 1
11 16 1
11 19 1
11 21 1
11 27 1
11 30 1
11 34 1
11 39 1
11 58 1
11 95 1
11 102 1
11 108 1
11 119 1
11 156 1
11 172 1
11 176 1
11 183 1
11 194 1
11 195 1
11 196 1
11 209 1
11 216 1
11 255 1
11 259 1
11 264 1
11 267 1
11 278 1
11 292 1
11 293 1
11 314 1
11 411 1
11 426 1
11 433 1
11 461 1
11 470 1
11 519 1
11 524 1
11 592 1
11 632 1
11 654 1
11 783 1
11 804 1
11 807 1
11 874 1
11 919 1
11 1006 1
11 1049 1
11 1151 1
11 1183 1
11 1234 1
11 1239 1
11 1290 1
11 1390 1
11 1442 1
11 1459 1
11 1524 1
11 1525 1
11 1571 1
11 1575 1
11 1595 1
11 1613 1
11 1631 1
11 1691 1
11 1713 1
11 1734 1
11 1764 1
11 1785 1
11 1796 1
11 1806 1
11 1836 1
11 1843 1
11 1912 1
11 1917 1
11 2098 1
11 2110 1
11 2164 1
11 2261 1
11 2277 1
11 2682 1
11 2787 1
11 2877 1
11 2983 1
12 13 1
12 14 1
12 17 1
12 18 1
12 19 1
12 24 1
12 25 1
12 27 1
12 28 1
12 33 1
12 37 1
12 43 1
12 57 1
12 72 1
12 73 1
12 100 1
12 102 1
12 117 1
12 133 1
12 136 1
12 151 1
12 152 1
12 161 1
12 171 1
12 184 1
12 185 1
12 197 1
12 205 1
12 248 1
12 264 1
12 272 1
12 303 1
12 323 1
12 346 1
12 384 1
12 403 1
12 406 1
12 407 1
12 415 1
12 423 1
12 434 1
12 440 1
12 505 1
12 553 1
12 558 1
12 560 1
12 583 1
12 649 1
12 671 1
12 711 1
12 723 1
12 735 1
12 738 1
12 752 1
12 823 1
12 904 1
12 970 1
12 997 1
12 1005 1
12 1061 1
12 1081 1
12 1083 1
12 1105 1
12 1114 1
12 1129 1
12 1131 1
12 1180 1
12 1199 1
12 1201 1
12 1227 1
12 1344 1
12 1375 1
12 1388 1
12 1404 1
12 1433 1
12 1445 1
12 1519 1
12 1520 1
12 1555 1
12 1556 1
12 1574 1
12 1608 1
12 1638 1
12 1644 1
12 1682 1
12 1690 1
12 1729 1
12 1738 1
12 1742 1
12 1744 1
12 1751 1
12 1838 1
12 1840 1
12 1886 1
12 1906 1
12 1915 1
12 1952 1
12 2064 1
12 2092 1
12 2129 1
12 2150 1
12 2176 1
12 2178 1
12 2181 1
12 2222 1
12 2310 1
12 2365 1
12 2381 1
12 2642 1
12 2650 1
12 2692 1
12 2727 1
12 2835 1
12 2922 1
13 29 1
13 52 1
13 137 1
13 368 1
13 371 1
13 669 1
13 929 1
13 1004 1
13 1235 1
13 1339 1
13 1369 1
13 1545 1
13 1732 1
13 1943 1
13 1979 1
13 2213 1
13 2230 1
14 29 1
14 30 1
14 40 1
14 82 1
14 84 1
14 131 1
14 138 1
14 321 1
14 372 1
14 381 1
14 488 1
14 866 1
14 1325 1
14 1393 1
14 1538 1
14 1618 1
14 1696 1
14 1992 1
14 2345 1
14 2394 1
14 2424 1
14 2438 1
14 2482 1
14 2702 1
14 2708 1
14 2741 1
14 2831 1
15 22 1
15 33 1
15 35 1
15 44 1
15 55 1
15 63 1
15 65 1
15 66 1
15 77 1
15 104 1
15 113 1
15 116 1
15 125 1
15 167 1
15 176 1
15 235 1
15 243 1
15 248 1
15 266 1
15 277 1
15 307 1
15 337 1
15 361 1
15 367 1
15 369 1
15 408 1
15 446 1
15 463 1
15 479 1
15 486 1
15 565 1
15 568 1
15 612 1
15 623 1
15 659 1
15 710 1
15 741 1
15 892 1
15 939 1
15 1031 1
15 1043 1
15 1179 1
15 1318 1
15 1403 1
15 1473 1
15 1475 1
15 1527 1
15 1550 1
15 1559 1
15 1707 1
15 1731 1
15 1768 1
15 1834 1
15 1941 1
15 2042 1
15 2046 1
15 2276 1
15 2351 1
15 2475 1
15 2511 1
15 2541 1
15 2566 1
15 2730 1
15 2823 1
15 2841 1
15 2873 1
15 2899 1
15 2943 1
16 25 1
16 27 1
16 34 1
16 42 1
16 49 1
16 54 1
16 76 1
16 96 1
16 142 1
16 153 1
16 201 1
16 204 1
16 234 1
16 238 1
16 291 1
16 431 1
16 460 1
16 492 1
16 618 1
16 667 1
16 716 1
16 725 1
16 776 1
16 793 1
16 899 1
16 914 1
16 1081 1
16 1104 1
16 1133 1
16 1178 1
16 1358 1
16 1430 1
16 1533 1
16 1620 1
16 1845 1
16 1903 1
16 2154 1
16 2289 1
16 2476 1
16 2616 1
16 2682 1
16 2711 1
16 2979 1
17 26 1
17 31 1
17 33 1
17 41 1
17 68 1
17 88 1
17 129 1
17 132 1
17 134 1
17 211 1
17 233 1
17 288 1
17 386 1
17 487 1
17 586 1
17 659 1
17 747 1
17 927 1
17 959 1
17 973 1
17 1023 1
17 1043 1
17 1082 1
17 1097 1
17 1312 1
17 1318 1
17 1561 1
17 1616 1
17 1691 1
17 1702 1
17 1797 1
17 1960 1
17 2305 1
17 2350 1
17 2465 1
17 2510 1
17 2612 1
17 2626 1
17 2689 1
17 2725 1
18 51 1
18 52 1
18 131 1
18 256 1
18 443 1
18 660 1
18 817 1
18 930 1
18 948 1
18 954 1
18 959 1
18 1009 1
18 1398 1
18 1415 1
18 1709 1
18 1772 1
18 1812 1
18 1922 1
18 2107 1
18 2295 1
18 2712 1
19 21 1
19 35 1
19 101 1
19 111 1
19 112 1
19 241 1
19 355 1
19 795 1
19 833 1
19 944 1
19 1082 1
19 1142 1
19 1158 1
19 1499 1
19 1527 1
19 1557 1
19 1643 1
19 1721 1
19 2100 1
19 2803 1
19 2914 1
20 59 1
20 151 1
20 171 1
20 322 1
20 381 1
20 458 1
20 577 1
20 852 1
20 873 1
20 1186 1
20 1208 1
20 1216 1
20 2152 1
20 2487 1
20 2618 1
20 2625 1
21 23 1
21 28 1
21 30 1
21 38 1
21 58 1
21 60 1
21 79 1
21 85 1
21 99 1
21 167 1
21 192 1
21 230 1
21 237 1
21 340 1
21 369 1
21 388 1
21 459 1
21 476 1
21 499 1
21 507 1
21 520 1
21 545 1
21 809 1
21 914 1
21 929 1
21 937 1
21 999 1
21 1316 1
21 1447 1
21 1513 1
21 1706 1
21 1719 1
21 1791 1
21 2008 1
21 2120 1
21 2260 1
21 2314 1
21 2392 1
21 2495 1
21 2745 1
21 2910 1
22 23 1
22 28 1
22 122 1
22 168 1
22 191 1
22 228 1
22 251 1
22 268 1
22 269 1
22 370 1
22 383 1
22 559 1
22 562 1
22 584 1
22 630 1
22 648 1
22 777 1
22 859 1
22 1017 1
22 1023 1
22 1118 1
22 1182 1
22 1233 1
22 1601 1
22 1753 1
22 1781 1
22 2110 1
22 2390 1
22 2466 1
22 2739 1
22 2812 1
23 31 1
23 37 1
23 74 1
23 81 1
23 139 1
23 157 1
23 174 1
23 310 1
23 386 1
23 687 1
23 724 1
23 799 1
23 967 1
23 1213 1
23 1492 1
23 1791 1
23 2248 1
24 47 1
24 80 1
24 93 1
24 105 1
24 111 1
24 125 1
24 137 1
24 140 1
24 192 1
24 203 1
24 246 1
24 247 1
24 252 1
24 269 1
24 289 1
24 307 1
24 343 1
24 351 1
24 410 1
24 466 1
24 488 1
24 526 1
24 553 1
24 569 1
24 571 1
24 582 1
24 606 1
24 626 1
24 682 1
24 817 1
24 932 1
24 933 1
24 994 1
24 1039 1
24 1163 1
24 1225 1
24 1285 1
24 1297 1
24 1341 1
24 1373 1
24 1468 1
24 1748 1
24 1767 1
24 2000 1
24 2119 1
24 2192 1
24 2282 1
24 2373 1
24 2405 1
24 2418 1
24 2438 1
24 2455 1
24 2490 1
24 2501 1
24 2778 1
24 2972 1
25 44 1
25 47 1
25 56 1
25 60 1
25 73 1
25 84 1
25 101 1
25 163 1
25 170 1
25 182 1
25 220 1
25 227 1
25 248 1
25 281 1
25 317 1
25 358 1
25 364 1
25 391 1
25 447 1
25 482 1
25 501 1
25 509 1
25 537 1
25 538 1
25 546 1
25 572 1
25 610 1
25 645 1
25 692 1
25 719 1
25 746 1
25 781 1
25 794 1
25 836 1
25 867 1
25 948 1
25 966 1
25 1037 1
25 1101 1
25 1275 1
25 1397 1
25 1442 1
25 1443 1
25 1495 1
25 2057 1
25 2135 1
25 2182 1
25 2250 1
25 2300 1
25 2336 1
25 2390 1
25 2402 1
25 2522 1
25 2695 1
26 64 1
26 68 1
26 115 1
26 170 1
26 235 1
26 249 1
26 250 1
26 261 1
26 265 1
26 316 1
26 338 1
26 347 1
26 352 1
26 377 1
26 452 1
26 481 1
26 535 1
26 664 1
26 720 1
26 739 1
26 758 1
26 932 1
26 1080 1
26 1143 1
26 1245 1
26 1263 1
26 1363 1
26 1416 1
26 1661 1
26 1799 1
26 1827 1
26 1844 1
26 2261 1
26 2288 1
26 2386 1
26 2482 1
26 2512 1
26 2637 1
26 2698 1
26 2827 1
26 2895 1
27 2108 1
28 100 1
28 218 1
28 306 1
28 644 1
28 1633 1
28 2001 1
28 2391 1
28 2529 1
28 2557 1
28 2614 1
28 2621 1
29 583 1
29 923 1
30 39 1
30 56 1
30 94 1
30 145 1
30 187 1
30 198 1
30 222 1
30 245 1
30 256 1
30 300 1
30 311 1
30 312 1
30 564 1
30 853 1
30 1024 1
30 1169 1
30 1170 1
30 1282 1
30 1395 1
30 1419 1
30 1489 1
30 1565 1
30 1940 1
30 2111 1
30 2891 1
30 2904 1
31 42 1
31 57 1
31 78 1
31 83 1
31 120 1
31 153 1
31 205 1
31 242 1
31 256 1
31 284 1
31 300 1
31 322 1
31 326 1
31 410 1
31 463 1
31 508 1
31 600 1
31 792 1
31 870 1
31 975 1
31 989 1
31 1000 1
31 1028 1
31 1110 1
31 1114 1
31 1153 1
31 1335 1
31 1372 1
31 1453 1
31 1472 1
31 1550 1
31 1690 1
31 1729 1
31 1738 1
31 1954 1
31 2080 1
31 2082 1
31 2168 1
31 2178 1
31 2204 1
31 2538 1
31 2599 1
31 2807 1
31 2995 1
33 232 1
33 1506 1
33 1552 1
33 1580 1
33 1881 1
33 2333 1
34 45 1
34 88 1
34 92 1
34 148 1
34 241 1
34 291 1
34 321 1
34 387 1
34 458 1
34 551 1
34 677 1
34 729 1
34 737 1
34 784 1
34 808 1
34 991 1
34 1161 1
34 1204 1
34 1214 1
34 1664 1
34 2328 1
34 2680 1
34 2730 1
34 2755 1
34 2953 1
35 79 1
35 109 1
35 126 1
35 146 1
35 164 1
35 166 1
35 294 1
35 332 1
35 341 1
35 363 1
35 436 1
35 547 1
35 663 1
35 676 1
35 730 1
35 761 1
35 797 1
35 1072 1
35 1303 1
35 1369 1
35 1409 1
35 1435 1
35 1490 1
35 1576 1
35 2128 1
35 2139 1
35 2738 1
36 63 1
36 128 1
36 253 1
36 276 1
36 362 1
36 373 1
36 422 1
36 595 1
36 599 1
36 629 1
36 877 1
36 1046 1
36 1134 1
36 1152 1
36 1294 1
36 1437 1
36 1532 1
36 1764 1
36 1818 1
36 2058 1
36 2283 1
36 2395 1
36 2435 1
36 2981 1
37 40 1
37 69 1
37 74 1
37 75 1
37 92 1
37 94 1
37 97 1
37 160 1
37 270 1
37 357 1
37 447 1
37 473 1
37 710 1
37 976 1
37 1003 1
37 1062 1
37 1080 1
37 1147 1
37 1172 1
37 1226 1
37 1250 1
37 1271 1
37 1432 1
37 1551 1
37 1627 1
37 1644 1
37 1682 1
37 1751 1
37 1822 1
37 1917 1
37 1947 1
37 2142 1
37 2348 1
37 2474 1
37 2652 1
37 2837 1
38 43 1
38 67 1
38 85 1
38 95 1
38 116 1
38 131 1
38 145 1
38 147 1
38 169 1
38 172 1
38 184 1
38 202 1
38 313 1
38 331 1
38 336 1
38 345 1
38 418 1
38 424 1
38 509 1
38 528 1
38 587 1
38 630 1
38 634 1
38 678 1
38 773 1
38 782 1
38 912 1
38 1013 1
38 1019 1
38 1071 1
38 1109 1
38 1171 1
38 1244 1
38 1246 1
38 1308 1
38 1323 1
38 1525 1
38 1549 1
38 1699 1
38 1851 1
38 1869 1
38 1900 1
38 1966 1
38 1976 1
38 2103 1
38 2160 1
38 2192 1
38 2398 1
38 2411 1
39 41 1
39 178 1
39 229 1
39 412 1
39 437 1
39 468 1
39 506 1
39 735 1
39 818 1
39 919 1
39 956 1
39 1032 1
39 1068 1
39 1262 1
39 1298 1
39 1443 1
39 1528 1
39 1726 1
39 1760 1
39 2119 1
39 2482 1
39 2491 1
39 2508 1
39 2517 1
39 2788 1
39 2927 1
39 2943 1
40 67 1
40 81 1
40 94 1
40 135 1
40 138 1
40 263 1
40 385 1
40 447 1
40 599 1
40 855 1
40 974 1
40 1086 1
40 1111 1
40 1198 1
40 1723 1
40 1847 1
40 2356 1
40 2433 1
40 2897 1
40 2979 1
40 3000 1
41 50 1
41 287 1
41 389 1
41 801 1
41 876 1
41 1291 1
41 1996 1
42 48 1
42 165 1
42 199 1
42 370 1
42 471 1
42 489 1
42 1160 1
42 1213 1
42 1238 1
42 1359 1
42 1537 1
42 1656 1
42 1780 1
42 1829 1
42 2221 1
42 2327 1
42 2487 1
42 2531 1
42 2559 1
42 2571 1
42 2663 1
43 873 1
43 925 1
43 1004 1
43 1089 1
43 1196 1
43 1434 1
43 1933 1
43 2421 1
43 2617 1
43 2642 1
44 50 1
44 65 1
44 102 1
44 108 1
44 133 1
44 183 1
44 246 1
44 252 1
44 338 1
44 371 1
44 440 1
44 466 1
44 473 1
44 698 1
44 706 1
44 758 1
44 1150 1
44 1158 1
44 1191 1
44 1237 1
44 1344 1
44 1392 1
44 1444 1
44 1706 1
44 1967 1
44 2014 1
44 2215 1
44 2316 1
44 2326 1
44 2336 1
45 342 1
45 734 1
45 979 1
45 980 1
45 1037 1
45 1347 1
45 1749 1
45 2257 1
45 2716 1
46 635 1
47 67 1
47 105 1
47 193 1
47 202 1
47 282 1
47 648 1
47 666 1
47 681 1
47 898 1
47 2123 1
47 2264 1
47 2571 1
47 2735 1
47 2792 1
48 253 1
48 327 1
48 462 1
48 565 1
48 632 1
48 974 1
48 1316 1
48 1396 1
48 1463 1
48 1722 1
48 2407 1
49 114 1
49 134 1
49 166 1
49 180 1
49 194 1
49 200 1
49 335 1
49 432 1
49 507 1
49 537 1
49 605 1
49 719 1
49 763 1
49 787 1
49 901 1
49 913 1
49 984 1
49 1099 1
49 1119 1
49 1231 1
49 1250 1
49 1326 1
49 1354 1
49 1368 1
49 1548 1
49 1727 1
49 1894 1
49 2199 1
49 2367 1
49 2476 1
49 2588 1
49 2633 1
49 2718 1
49 2782 1
49 2963 1
50 142 1
50 236 1
50 288 1
50 877 1
50 911 1
50 1057 1
50 1524 1
50 1828 1
50 2040 1
50 2204 1
50 2265 1
50 2513 1
50 2757 1
51 107 1
51 164 1
51 212 1
51 239 1
51 594 1
51 912 1
51 1142 1
51 2509 1
52 61 1
52 179 1
52 206 1
52 211 1
52 979 1
52 1232 1
52 1246 1
52 1875 1
53 74 1
53 85 1
53 115 1
53 117 1
53 283 1
53 955 1
53 1069 1
53 1096 1
53 1381 1
53 1551 1
53 1611 1
53 1699 1
53 2113 1
53 2205 1
53 2230 1
53 2242 1
53 2640 1
54 61 1
54 159 1
54 168 1
54 179 1
54 283 1
54 318 1
54 320 1
54 374 1
54 432 1
54 480 1
54 529 1
54 742 1
54 1033 1
54 1042 1
54 1084 1
54 1184 1
54 1306 1
54 1599 1
54 1621 1
54 1920 1
54 2043 1
54 2225 1
54 2238 1
54 2357 1
54 2536 1
54 2556 1
54 2806 1
55 68 1
55 70 1
55 82 1
55 98 1
55 130 1
55 174 1
55 176 1
55 235 1
55 260 1
55 341 1
55 412 1
55 452 1
55 537 1
55 557 1
55 567 1
55 579 1
55 608 1
55 610 1
55 650 1
55 667 1
55 693 1
55 778 1
55 805 1
55 841 1
55 918 1
55 1029 1
55 1205 1
55 1274 1
55 1283 1
55 1353 1
55 1456 1
55 1659 1
55 1845 1
55 1880 1
55 2026 1
55 2080 1
55 2198 1
55 2330 1
55 2453 1
55 2588 1
55 2631 1
55 2947 1
56 62 1
56 1174 1
56 1681 1
57 64 1
57 120 1
57 602 1
57 644 1
57 1035 1
57 1265 1
57 1486 1
57 1596 1
57 1743 1
57 2642 1
57 2793 1
58 87 1
58 110 1
58 120 1
58 229 1
58 266 1
58 273 1
58 285 1
58 359 1
58 483 1
58 522 1
58 523 1
58 645 1
58 668 1
58 702 1
58 901 1
58 962 1
58 964 1
58 1150 1
58 1268 1
58 1398 1
58 1458 1
58 1542 1
58 1674 1
58 1708 1
58 1810 1
58 1827 1
58 2159 1
58 2211 1
58 2362 1
58 2481 1
58 2578 1
58 2704 1
58 2798 1
58 2876 1
58 2903 1
59 66 1
59 86 1
59 127 1
59 160 1
59 187 1
59 279 1
59 309 1
59 328 1
59 442 1
59 477 1
59 656 1
59 719 1
59 827 1
59 910 1
59 1028 1
59 1039 1
59 1134 1
59 1325 1
59 1586 1
59 1897 1
59 1992 1
59 2400 1
59 2462 1
59 2498 1
60 103 1
60 118 1
60 157 1
60 159 1
60 202 1
60 242 1
60 296 1
60 320 1
60 356 1
60 376 1
60 619 1
60 647 1
60 704 1
60 715 1
60 794 1
60 826 1
60 837 1
60 861 1
60 1074 1
60 1091 1
60 1128 1
60 1368 1
60 1383 1
60 1515 1
60 1546 1
60 1730 1
60 1862 1
60 1916 1
60 1922 1
60 1985 1
60 2280 1
60 2359 1
60 2459 1
60 2518 1
60 2522 1
60 2902 1
60 2906 1
61 63 1
61 80 1
61 83 1
61 111 1
61 128 1
61 146 1
61 346 1
61 418 1
61 423 1
61 429 1
61 573 1
61 805 1
61 839 1
61 878 1
61 882 1
61 903 1
61 1155 1
61 1159 1
61 1286 1
61 1412 1
61 1626 1
61 1734 1
61 1942 1
61 2042 1
61 2746 1
61 2798 1
61 2854 1
62 70 1
62 148 1
62 225 1
62 452 1
63 69 1
63 118 1
63 501 1
63 520 1
63 635 1
63 1101 1
63 1211 1
63 1689 1
63 1710 1
63 2164 1
63 2762 1
63 2770 1
63 2950 1
64 75 1
64 110 1
64 194 1
64 210 1
64 262 1
64 276 1
64 620 1
64 700 1
64 1228 1
64 1243 1
64 1259 1
64 1897 1
64 2025 1
64 2365 1
64 2411 1
64 2438 1
64 2691 1
65 89 1
65 114 1
65 134 1
65 158 1
65 186 1
65 222 1
65 271 1
65 319 1
65 334 1
65 353 1
65 359 1
65 475 1
65 482 1
65 486 1
65 502 1
65 530 1
65 556 1
65 649 1
65 658 1
65 688 1
65 709 1
65 810 1
65 811 1
65 822 1
65 831 1
65 981 1
65 1051 1
65 1077 1
65 1118 1
65 1119 1
65 1176 1
65 1182 1
65 1285 1
65 1321 1
65 1326 1
65 1597 1
65 1602 1
65 1604 1
65 1725 1
65 1813 1
65 1911 1
65 1956 1
65 1964 1
65 2045 1
65 2109 1
65 2330 1
65 2444 1
65 2576 1
65 2689 1
65 2950 1
66 272 1
66 492 1
66 757 1
66 803 1
66 1200 1
66 1478 1
66 2015 1
66 2017 1
66 2608 1
66 2709 1
67 71 1
67 97 1
67 104 1
67 106 1
67 136 1
67 151 1
67 207 1
67 230 1
67 504 1
67 588 1
67 596 1
67 640 1
67 757 1
67 1139 1
67 1208 1
67 1371 1
67 1590 1
67 1661 1
67 2097 1
67 2160 1
67 2175 1
67 2762 1
67 2932 1
68 112 1
68 149 1
68 190 1
68 287 1
68 339 1
68 669 1
68 702 1
68 1088 1
68 1262 1
68 1386 1
68 1755 1
68 2290 1
68 2582 1
68 2827 1
68 2878 1
69 240 1
69 464 1
69 525 1
69 574 1
69 713 1
69 1228 1
69 1477 1
69 1596 1
69 1600 1
69 1618 1
69 2027 1
69 2062 1
69 2372 1
69 2500 1
69 2749 1
69 2891 1
69 2901 1
69 2903 1
70 75 1
70 87 1
70 97 1
70 268 1
70 301 1
70 318 1
70 397 1
70 483 1
70 707 1
70 1245 1
70 2141 1
70 2413 1
70 2512 1
70 2885 1
71 77 1
71 90 1
71 135 1
71 142 1
71 273 1
71 274 1
71 389 1
71 414 1
71 467 1
71 472 1
71 597 1
71 625 1
71 733 1
71 1030 1
71 1146 1
71 1154 1
71 1198 1
71 1248 1
71 1264 1
71 1284 1
71 1317 1
71 1481 1
71 1500 1
71 1514 1
71 1606 1
71 1698 1
71 1913 1
71 2125 1
71 2257 1
71 2708 1
71 2754 1
71 2883 1
71 2996 1
72 73 1
72 90 1
72 96 1
72 132 1
72 201 1
72 254 1
72 313 1
72 637 1
72 651 1
72 654 1
72 699 1
72 702 1
72 709 1
72 846 1
72 995 1
72 1122 1
72 1288 1
72 1410 1
72 1598 1
72 1630 1
72 1965 1
72 2004 1
72 2188 1
72 2366 1
72 2505 1
72 2636 1
72 2865 1
73 141 1
73 149 1
73 199 1
73 267 1
73 379 1
73 458 1
73 846 1
73 1213 1
73 1361 1
73 1989 1
73 2324 1
74 118 1
74 175 1
74 480 1
74 485 1
74 547 1
74 757 1
74 863 1
74 884 1
74 1301 1
74 1719 1
74 2341 1
74 2346 1
74 2348 1
75 399 1
75 1597 1
76 119 1
76 163 1
76 295 1
76 417 1
76 448 1
76 484 1
76 526 1
76 565 1
76 629 1
76 640 1
76 1060 1
76 2121 1
76 2410 1
77 123 1
77 195 1
77 371 1
77 514 1
77 712 1
77 750 1
77 802 1
77 888 1
77 955 1
77 1124 1
77 1125 1
77 1343 1
77 1590 1
77 2127 1
77 2132 1
77 2442 1
77 2570 1
77 2581 1
77 2864 1
78 83 1
78 92 1
78 143 1
78 283 1
78 297 1
78 306 1
78 538 1
78 831 1
78 2051 1
78 2180 1
78 2473 1
79 107 1
79 216 1
79 745 1
79 1269 1
79 1396 1
79 1858 1
79 1975 1
79 2281 1
79 2336 1
79 2584 1
80 162 1
80 247 1
80 273 1
80 362 1
80 756 1
80 836 1
80 2189 1
80 2345 1
80 2389 1
80 2429 1
80 2464 1
81 144 1
81 292 1
81 688 1
81 717 1
81 819 1
81 887 1
81 1328 1
81 1517 1
81 1594 1
81 1637 1
81 2067 1
81 2375 1
82 162 1
82 198 1
82 645 1
82 1288 1
82 1902 1
82 2185 1
82 2454 1
83 98 1
83 108 1
83 110 1
83 123 1
83 143 1
83 254 1
83 292 1
83 411 1
83 590 1
83 613 1
83 662 1
83 676 1
83 708 1
83 745 1
83 791 1
83 833 1
83 852 1
83 870 1
83 963 1
83 987 1
83 1188 1
83 1385 1
83 1497 1
83 1559 1
83 1745 1
83 2059 1
83 2079 1
83 2437 1
83 2667 1
83 2726 1
84 91 1
84 171 1
84 208 1
84 386 1
84 496 1
84 536 1
84 1730 1
84 1927 1
84 2479 1
84 2942 1
84 2976 1
84 2987 1
85 96 1
85 103 1
85 214 1
85 424 1
85 1294 1
85 1685 1
85 1799 1
85 1808 1
85 2690 1
85 2736 1
85 2824 1
86 124 1
86 145 1
86 231 1
86 239 1
86 261 1
86 407 1
86 854 1
86 1045 1
86 1230 1
86 1806 1
86 2427 1
87 122 1
87 161 1
87 163 1
87 191 1
87 198 1
87 393 1
87 508 1
87 539 1
87 638 1
87 687 1
87 796 1
87 842 1
87 894 1
87 927 1
87 1053 1
87 1181 1
87 1221 1
87 1512 1
87 1703 1
87 1794 1
87 2034 1
87 2130 1
87 2320 1
87 2472 1
87 2779 1
87 2900 1
88 152 1
88 832 1
88 1015 1
88 1639 1
88 1935 1
88 2228 1
88 2750 1
89 121 1
89 137 1
89 236 1
89 365 1
89 394 1
89 422 1
89 462 1
89 544 1
89 725 1
89 750 1
89 751 1
89 1071 1
89 1224 1
89 1277 1
89 1313 1
89 1333 1
89 1427 1
89 1936 1
89 1955 1
89 2221 1
89 2558 1
90 188 1
90 203 1
90 322 1
90 330 1
90 455 1
90 465 1
90 469 1
90 500 1
90 528 1
90 554 1
90 599 1
90 622 1
90 823 1
90 859 1
90 916 1
90 941 1
90 1098 1
90 1145 1
90 1195 1
90 1278 1
90 1322 1
90 1328 1
90 1431 1
90 1572 1
90 1611 1
90 1662 1
90 1681 1
90 1824 1
90 1872 1
90 1891 1
90 1967 1
90 2011 1
90 2195 1
90 2201 1
90 2281 1
90 2361 1
90 2523 1
90 2550 1
90 2585 1
90 2718 1
91 245 1
91 344 1
91 417 1
91 697 1
91 1315 1
91 1370 1
91 2128 1
92 367 1
92 927 1
92 942 1
93 186 1
93 299 1
93 302 1
93 385 1
93 404 1
93 684 1
93 938 1
93 1341 1
93 1618 1
93 1653 1
93 1982 1
93 2132 1
93 2408 1
93 2546 1
94 106 1
94 109 1
94 178 1
94 201 1
94 324 1
94 334 1
94 531 1
94 653 1
94 690 1
94 728 1
94 1013 1
94 1218 1
94 1261 1
94 1324 1
94 1407 1
94 1582 1
94 1584 1
94 1665 1
94 1895 1
94 2137 1
94 2290 1
94 2347 1
94 2383 1
94 2470 1
94 2671 1
94 2748 1
94 2894 1
95 124 1
95 126 1
95 164 1
95 275 1
95 430 1
95 431 1
95 432 1
95 450 1
95 512 1
95 542 1
95 563 1
95 607 1
95 783 1
95 828 1
95 838 1
95 969 1
95 990 1
95 1057 1
95 1066 1
95 1115 1
95 1144 1
95 1167 1
95 1218 1
95 1221 1
95 1658 1
95 1692 1
95 1720 1
95 1745 1
95 2055 1
95 2183 1
95 2229 1
95 2239 1
95 2342 1
95 2369 1
95 2538 1
95 2605 1
95 2638 1
95 2657 1
95 2731 1
95 2828 1
95 2908 1
96 222 1
96 231 1
96 305 1
96 349 1
96 383 1
96 391 1
96 425 1
96 643 1
96 671 1
96 914 1
96 972 1
96 989 1
96 1019 1
96 1430 1
96 1509 1
96 1705 1
96 2054 1
96 2082 1
96 2308 1
96 2604 1
96 2669 1
96 2678 1
96 2719 1
96 2736 1
96 2762 1
97 127 1
97 279 1
97 512 1
97 693 1
97 739 1
97 875 1
97 891 1
97 928 1
97 1002 1
97 1220 1
97 1286 1
97 1651 1
97 1773 1
97 1970 1
98 759 1
98 854 1
98 1145 1
98 1288 1
99 189 1
99 764 1
99 1251 1
99 1311 1
99 1645 1
99 1905 1
99 2107 1
99 2523 1
99 2570 1
100 297 1
100 590 1
100 1629 1
100 2212 1
100 2667 1
100 2776 1
101 130 1
101 152 1
101 178 1
101 224 1
101 228 1
101 249 1
101 958 1
101 1356 1
101 1406 1
101 1802 1
101 1921 1
101 2182 1
101 2596 1
101 2978 1
102 148 1
102 332 1
102 510 1
102 552 1
102 998 1
102 1703 1
102 2123 1
102 2287 1
102 2815 1
102 2837 1
103 130 1
103 200 1
103 221 1
103 361 1
103 516 1
103 518 1
103 568 1
103 598 1
103 708 1
103 775 1
103 829 1
103 1078 1
103 1102 1
103 1223 1
103 1315 1
103 1324 1
103 1498 1
103 1713 1
103 2323 1
103 2414 1
103 2641 1
103 2933 1
104 332 1
104 498 1
104 592 1
104 773 1
104 1132 1
104 1927 1
104 2594 1
105 187 1
105 446 1
105 902 1
105 1496 1
105 1864 1
105 1963 1
105 2301 1
105 2603 1
105 2738 1
105 2967 1
106 109 1
106 147 1
106 232 1
106 382 1
106 549 1
106 1367 1
106 1410 1
106 1485 1
106 1830 1
106 2420 1
107 260 1
107 514 1
107 714 1
107 848 1
107 1214 1
107 1719 1
107 2456 1
107 2866 1
107 2907 1
108 121 1
108 254 1
108 294 1
108 485 1
108 2392 1
108 2552 1
109 139 1
109 146 1
109 214 1
109 278 1
109 457 1
109 511 1
109 515 1
109 536 1
109 605 1
109 778 1
109 944 1
109 1309 1
109 1696 1
109 2028 1
109 2215 1
109 2857 1
109 2934 1
110 211 1
110 336 1
110 480 1
110 952 1
110 1323 1
110 1400 1
110 1492 1
110 1597 1
110 1866 1
110 1867 1
110 1873 1
110 1912 1
110 1969 1
110 2024 1
110 2171 1
110 2498 1
110 2643 1
111 183 1
111 379 1
111 551 1
111 701 1
111 993 1
111 1180 1
111 1343 1
111 1423 1
111 1441 1
111 1736 1
111 1907 1
111 1975 1
111 2126 1
111 2346 1
111 2439 1
111 2662 1
111 2677 1
111 2747 1
111 2795 1
112 182 1
112 244 1
112 350 1
112 398 1
112 804 1
112 1436 1
112 1604 1
112 2179 1
112 2290 1
112 2326 1
113 126 1
113 140 1
113 154 1
113 213 1
113 234 1
113 250 1
113 289 1
113 299 1
113 372 1
113 439 1
113 441 1
113 670 1
113 1252 1
113 1447 1
113 1536 1
113 1759 1
113 1801 1
113 1830 1
113 1901 1
113 2045 1
113 2988 1
114 533 1
114 995 1
114 1316 1
114 1616 1
114 2340 1
114 2709 1
114 2811 1
115 147 1
115 154 1
115 155 1
115 186 1
115 188 1
115 286 1
115 549 1
115 618 1
115 715 1
115 808 1
115 895 1
115 965 1
115 1277 1
115 1440 1
115 1585 1
115 1596 1
115 1632 1
115 2117 1
115 2488 1
115 2825 1
115 2932 1
116 133 1
116 162 1
116 180 1
116 270 1
116 357 1
116 521 1
116 638 1
116 913 1
116 1079 1
116 1169 1
116 1225 1
116 1336 1
116 1408 1
116 2210 1
116 2494 1
116 2556 1
116 2629 1
116 2693 1
116 2886 1
117 124 1
117 270 1
117 281 1
117 298 1
117 372 1
117 375 1
117 769 1
117 978 1
117 2206 1
118 185 1
118 305 1
118 391 1
118 436 1
118 454 1
118 668 1
118 855 1
118 1371 1
118 1589 1
118 1778 1
118 1797 1
118 1980 1
118 2069 1
118 2416 1
118 2512 1
118 2553 1
119 132 1
119 290 1
119 323 1
119 364 1
119 697 1
119 871 1
119 1032 1
119 1142 1
119 1716 1
119 1985 1
119 2879 1
120 218 1
120 368 1
120 796 1
120 1443 1
120 1609 1
121 138 1
121 175 1
121 177 1
121 181 1
121 193 1
121 339 1
121 498 1
121 524 1
121 556 1
121 680 1
121 857 1
121 926 1
121 933 1
121 951 1
121 977 1
121 1116 1
121 1157 1
121 1333 1
121 1411 1
121 1551 1
121 1721 1
121 1800 1
121 1869 1
121 1980 1
121 2375 1
121 2401 1
121 2742 1
121 2772 1
121 2846 1
121 2977 1
121 2983 1
122 156 1
122 203 1
122 288 1
122 293 1
122 336 1
122 369 1
122 465 1
122 566 1
122 728 1
122 789 1
122 944 1
122 963 1
122 1192 1
122 1554 1
122 1672 1
122 1724 1
122 1741 1
122 1854 1
122 1976 1
122 2243 1
122 2327 1
122 2348 1
122 2450 1
122 2502 1
122 2809 1
122 2812 1
122 2860 1
122 2993 1
123 265 1
123 308 1
123 435 1
123 592 1
123 769 1
123 915 1
123 1300 1
123 1406 1
123 1884 1
123 2228 1
124 169 1
124 212 1
124 280 1
124 358 1
124 610 1
124 615 1
124 879 1
124 904 1
124 961 1
124 988 1
124 1151 1
124 1587 1
124 1998 1
124 2106 1
124 2119 1
125 188 1
125 937 1
125 1433 1
125 1560 1
126 271 1
126 506 1
126 647 1
126 866 1
126 1217 1
126 1243 1
126 1293 1
126 1300 1
126 1368 1
126 1472 1
126 1479 1
127 578 1
127 625 1
127 1339 1
128 140 1
128 219 1
128 312 1
128 365 1
128 495 1
128 496 1
128 516 1
128 662 1
128 683 1
128 800 1
128 1004 1
128 1128 1
128 1191 1
128 1552 1
128 1574 1
128 1629 1
128 1911 1
128 2866 1
128 2887 1
129 144 1
129 232 1
129 382 1
129 409 1
129 419 1
129 434 1
129 558 1
129 817 1
129 899 1
129 1054 1
129 1369 1
129 1453 1
129 2015 1
129 2513 1
130 141 1
130 158 1
130 303 1
130 333 1
130 355 1
130 376 1
130 624 1
130 668 1
130 816 1
130 825 1
130 897 1
130 998 1
130 1187 1
130 1429 1
130 1728 1
130 1803 1
130 1886 1
130 2103 1
130 2248 1
130 2567 1
130 2610 1
131 182 1
131 422 1
131 1106 1
131 1617 1
132 730 1
132 2114 1
132 2909 1
133 190 1
133 193 1
133 297 1
133 348 1
133 366 1
133 394 1
133 410 1
133 546 1
133 685 1
133 747 1
133 771 1
133 1058 1
133 1178 1
133 1229 1
133 1420 1
133 1645 1
133 1714 1
133 2005 1
133 2087 1
133 2202 1
133 2448 1
134 210 1
134 585 1
134 938 1
134 2769 1
135 239 1
135 564 1
135 2927 1
136 149 1
136 208 1
136 785 1
136 820 1
136 1809 1
136 1902 1
136 2003 1
136 2780 1
136 2949 1
137 150 1
137 304 1
137 585 1
137 689 1
137 1215 1
137 1508 1
137 1975 1
137 2095 1
137 2111 1
137 2400 1
137 2683 1
138 168 1
138 209 1
138 245 1
138 342 1
138 395 1
138 413 1
138 604 1
138 688 1
138 726 1
138 753 1
138 987 1
138 2136 1
138 2170 1
138 2330 1
138 2432 1
138 2797 1
138 2881 1
139 191 1
139 290 1
139 456 1
139 620 1
139 1109 1
139 1482 1
139 1517 1
139 1558 1
139 1651 1
139 1933 1
139 2087 1
139 2187 1
139 2203 1
139 2497 1
139 2571 1
139 2659 1
139 2828 1
140 167 1
140 209 1
140 323 1
140 795 1
140 934 1
140 1630 1
140 1747 1
141 309 1
141 325 1
141 370 1
141 375 1
141 790 1
141 945 1
141 1476 1
141 1632 1
141 2273 1
141 2635 1
142 165 1
142 244 1
142 446 1
142 949 1
142 1764 1
142 2050 1
142 2404 1
143 272 1
143 1446 1
143 2111 1
144 325 1
144 329 1
144 474 1
144 501 1
144 564 1
144 967 1
144 973 1
144 1036 1
144 1121 1
144 1222 1
144 1946 1
144 2007 1
144 2013 1
144 2288 1
144 2300 1
144 2649 1
144 2925 1
145 285 1
145 296 1
145 341 1
145 350 1
145 471 1
145 1001 1
145 1027 1
145 1140 1
145 1831 1
145 2415 1
146 231 1
146 403 1
146 517 1
146 587 1
146 699 1
146 865 1
146 1022 1
146 1061 1
146 1346 1
146 1408 1
146 1412 1
146 1466 1
146 1673 1
146 2094 1
146 2214 1
146 2234 1
146 2239 1
146 2459 1
146 2799 1
146 2848 1
146 2985 1
147 156 1
147 223 1
147 291 1
147 497 1
147 632 1
147 890 1
147 906 1
147 979 1
147 1337 1
147 1426 1
147 1845 1
147 1934 1
147 1939 1
147 2091 1
147 2613 1
148 189 1
148 350 1
148 453 1
148 589 1
148 721 1
148 812 1
148 940 1
148 1027 1
148 1315 1
148 1461 1
148 1546 1
148 1564 1
148 1609 1
148 1874 1
148 1931 1
148 2021 1
148 2558 1
148 2851 1
149 197 1
149 414 1
149 499 1
149 923 1
149 1021 1
149 1101 1
149 1375 1
149 1738 1
149 2117 1
149 2193 1
149 2347 1
150 250 1
150 289 1
150 481 1
150 624 1
150 1020 1
150 1254 1
150 2155 1
150 2553 1
151 566 1
151 1753 1
151 2380 1
152 860 1
152 1175 1
152 1405 1
152 1573 1
152 2443 1
153 195 1
153 204 1
153 326 1
153 377 1
153 641 1
153 655 1
153 973 1
153 1030 1
153 1236 1
153 1249 1
153 1266 1
153 1287 1
153 1295 1
153 1299 1
153 1756 1
153 1766 1
153 1921 1
153 1992 1
153 2628 1
153 2800 1
153 2879 1
154 197 1
154 284 1
154 330 1
154 347 1
154 380 1
154 603 1
154 786 1
154 1105 1
154 1366 1
154 1563 1
154 2150 1
154 2344 1
154 2393 1
154 2478 1
154 2619 1
154 2649 1
155 539 1
155 615 1
155 1065 1
155 1361 1
155 1469 1
155 1547 1
155 1889 1
155 2430 1
155 2599 1
156 177 1
156 542 1
156 1085 1
156 1712 1
156 1876 1
157 696 1
158 181 1
158 286 1
158 402 1
158 590 1
158 780 1
158 1154 1
158 1354 1
158 1389 1
158 1391 1
158 1470 1
158 1711 1
158 1942 1
158 2153 1
158 2257 1
158 2286 1
158 2296 1
159 1167 1
159 1224 1
160 602 1
160 1064 1
160 1711 1
160 1853 1
160 2055 1
160 2295 1
160 2906 1
161 215 1
161 495 1
161 497 1
161 563 1
161 611 1
161 641 1
161 861 1
161 915 1
161 966 1
161 1149 1
161 1255 1
161 1281 1
161 1437 1
161 1504 1
161 1665 1
161 1758 1
161 1774 1
161 1833 1
161 1836 1
161 1885 1
161 1892 1
161 2184 1
161 2198 1
161 2569 1
161 2708 1
161 2820 1
162 244 1
162 1715 1
162 1948 1
162 2039 1
163 285 1
163 934 1
163 1654 1
164 346 1
164 408 1
164 413 1
164 577 1
164 651 1
164 1001 1
164 1091 1
164 1478 1
164 1958 1
164 2190 1
164 2244 1
164 2425 1
164 2572 1
164 2818 1
165 310 1
165 428 1
165 518 1
165 968 1
165 1017 1
165 1239 1
165 1685 1
165 1837 1
165 2220 1
165 2275 1
165 2704 1
166 360 1
166 477 1
166 500 1
166 625 1
166 743 1
166 908 1
166 1088 1
166 1162 1
166 1331 1
166 1568 1
166 1612 1
166 1679 1
166 1689 1
166 2202 1
166 2944 1
167 173 1
167 190 1
167 205 1
167 218 1
167 268 1
167 274 1
167 333 1
167 1200 1
167 1209 1
167 2104 1
168 300 1
168 467 1
168 656 1
168 740 1
168 1593 1
168 2663 1
168 2729 1
169 355 1
169 996 1
169 1010 1
169 1383 1
169 1820 1
169 1823 1
169 2448 1
170 275 1
170 280 1
170 352 1
170 387 1
170 508 1
170 528 1
170 790 1
170 953 1
170 960 1
170 1376 1
170 1800 1
170 1936 1
170 2840 1
171 174 1
171 220 1
171 255 1
171 573 1
171 952 1
171 1322 1
171 2368 1
171 2620 1
171 2891 1
171 2922 1
171 2931 1
171 2962 1
172 731 1
174 1410 1
174 1725 1
175 393 1
175 729 1
175 789 1
175 868 1
175 1035 1
175 1392 1
175 1514 1
175 1877 1
175 1983 1
175 2371 1
175 2975 1
176 263 1
176 572 1
176 627 1
176 874 1
176 1176 1
176 2012 1
177 207 1
177 1188 1
177 1463 1
177 1638 1
177 2142 1
178 570 1
178 1424 1
178 2350 1
178 2860 1
179 837 1
179 1409 1
179 2237 1
180 192 1
180 404 1
180 892 1
180 902 1
180 956 1
180 1337 1
180 1395 1
180 1451 1
180 2016 1
180 2223 1
180 2944 1
180 2947 1
180 2961 1
181 455 1
181 585 1
181 812 1
181 905 1
181 1070 1
181 1086 1
181 1173 1
181 2299 1
182 196 1
182 200 1
182 340 1
182 343 1
182 417 1
182 694 1
182 836 1
182 1034 1
182 1152 1
182 2830 1
183 264 1
183 752 1
183 805 1
183 844 1
183 1260 1
183 1311 1
183 2899 1
184 1893 1
185 238 1
185 378 1
185 454 1
185 619 1
185 704 1
185 764 1
185 837 1
185 1203 1
185 1386 1
185 1524 1
185 2065 1
185 2570 1
185 2732 1
186 395 1
186 490 1
186 519 1
186 566 1
186 755 1
186 1113 1
186 1467 1
186 1480 1
186 1530 1
186 1930 1
186 2010 1
186 2310 1
186 2839 1
187 507 1
187 541 1
187 554 1
187 569 1
187 617 1
187 656 1
187 748 1
187 872 1
187 936 1
187 1058 1
187 1202 1
187 1450 1
187 1739 1
187 1944 1
187 2006 1
187 2586 1
187 2664 1
187 2706 1
188 438 1
188 476 1
188 581 1
188 1569 1
189 224 1
189 281 1
189 324 1
189 390 1
189 427 1
189 491 1
189 1259 1
189 2235 1
189 2643 1
190 536 1
190 1212 1
190 1338 1
190 1681 1
191 669 1
191 840 1
191 1255 1
191 1382 1
191 1892 1
191 2317 1
191 2355 1
191 2901 1
192 611 1
192 633 1
192 640 1
192 694 1
192 1053 1
192 1242 1
192 2065 1
192 2285 1
193 302 1
193 416 1
193 519 1
193 636 1
193 1340 1
193 1741 1
193 2306 1
193 2517 1
193 2865 1
194 415 1
194 964 1
194 1303 1
194 2038 1
194 2559 1
195 352 1
195 363 1
195 368 1
195 415 1
195 443 1
195 517 1
195 678 1
195 689 1
195 695 1
195 733 1
195 827 1
195 968 1
195 1153 1
195 1843 1
195 2059 1
195 2551 1
195 2804 1
196 219 1
196 622 1
196 690 1
196 1447 1
196 1735 1
196 1916 1
196 2781 1
196 2955 1
197 233 1
197 375 1
197 468 1
197 1182 1
198 278 1
198 335 1
198 357 1
198 892 1
198 1275 1
198 1292 1
198 1572 1
198 1753 1
198 2030 1
198 2043 1
198 2471 1
198 2614 1
199 230 1
199 277 1
199 603 1
199 667 1
199 779 1
199 875 1
199 1026 1
199 1252 1
199 1626 1
200 212 1
200 418 1
200 448 1
200 535 1
200 742 1
200 754 1
200 790 1
200 834 1
200 835 1
200 1512 1
200 1684 1
200 2008 1
200 2601 1
200 2644 1
201 428 1
201 1149 1
201 2287 1
201 2730 1
202 206 1
202 262 1
202 1118 1
202 1137 1
202 1232 1
202 1598 1
202 2278 1
202 2526 1
203 373 1
203 388 1
203 532 1
203 749 1
203 880 1
203 1197 1
203 1209 1
203 1647 1
203 1650 1
203 1701 1
203 1788 1
203 2406 1
203 2461 1
203 2693 1
203 2951 1
204 206 1
204 286 1
204 506 1
204 665 1
204 1575 1
204 1702 1
205 282 1
205 1303 1
205 2003 1
205 2216 1
206 364 1
206 430 1
206 550 1
206 962 1
206 993 1
206 1527 1
206 1530 1
206 1540 1
206 2091 1
206 2734 1
206 2757 1
206 2778 1
206 2882 1
207 399 1
207 540 1
207 1034 1
208 223 1
208 224 1
208 237 1
208 258 1
208 401 1
208 534 1
208 684 1
208 705 1
208 712 1
208 747 1
208 886 1
208 890 1
208 917 1
208 1132 1
208 1168 1
208 1230 1
208 1240 1
208 1297 1
208 1327 1
208 1484 1
208 1510 1
208 1514 1
208 1581 1
208 1615 1
208 1645 1
208 1894 1
208 2002 1
208 2234 1
208 2720 1
208 2756 1
208 2849 1
209 311 1
209 331 1
209 354 1
209 377 1
209 505 1
209 604 1
209 616 1
209 708 1
209 767 1
209 969 1
209 1007 1
209 1016 1
209 1082 1
209 1772 1
209 1775 1
209 1863 1
209 1881 1
209 2713 1
210 366 1
210 384 1
210 985 1
210 1131 1
210 2322 1
210 2783 1
211 400 1
211 449 1
211 830 1
211 908 1
211 992 1
211 1218 1
211 1657 1
211 1802 1
211 2024 1
211 2096 1
211 2106 1
211 2172 1
211 2301 1
211 2728 1
211 2962 1
212 234 1
212 986 1
212 1238 1
212 1658 1
212 2445 1
213 299 1
213 315 1
213 337 1
213 389 1
213 515 1
213 607 1
213 635 1
213 670 1
213 714 1
213 746 1
213 896 1
213 957 1
213 983 1
213 1057 1
213 1070 1
213 1677 1
213 1742 1
213 2085 1
213 2447 1
213 2457 1
214 1050 1
214 1532 1
214 1960 1
215 298 1
215 502 1
216 975 1
217 247 1
217 263 1
217 304 1
217 383 1
217 390 1
217 436 1
217 475 1
217 567 1
217 584 1
217 609 1
217 636 1
217 674 1
217 692 1
217 800 1
217 1069 1
217 1165 1
217 1178 1
217 1230 1
217 1332 1
217 1439 1
217 1752 1
217 2080 1
217 2166 1
217 2201 1
217 2433 1
217 2681 1
217 2718 1
217 2808 1
218 550 1
218 598 1
218 611 1
218 676 1
218 736 1
218 741 1
218 748 1
218 965 1
218 985 1
218 1141 1
218 1229 1
218 1451 1
218 1779 1
218 1988 1
218 2232 1
218 2297 1
218 2404 1
218 2678 1
219 1041 1
219 1120 1
219 1568 1
219 1581 1
220 769 1
220 1588 1
220 1674 1
220 2087 1
221 402 1
221 863 1
221 867 1
221 1256 1
221 2071 1
221 2157 1
221 2795 1
221 2911 1
222 237 1
222 315 1
222 443 1
222 591 1
222 647 1
222 679 1
222 686 1
222 754 1
222 941 1
222 1172 1
222 1352 1
222 1555 1
222 1767 1
222 1883 1
222 1908 1
222 2600 1
222 2672 1
222 2720 1
223 243 1
223 329 1
223 838 1
223 1050 1
223 1552 1
223 1614 1
223 2143 1
224 362 1
224 438 1
224 586 1
224 629 1
224 850 1
224 1062 1
224 1166 1
224 1334 1
224 1468 1
224 1623 1
224 2431 1
224 2632 1
225 351 1
225 365 1
225 631 1
225 695 1
225 713 1
225 797 1
225 946 1
225 1094 1
225 1394 1
225 1621 1
225 2124 1
226 257 1
226 871 1
226 1024 1
226 1310 1
226 1928 1
226 2685 1
227 397 1
227 1435 1
227 1904 1
227 1907 1
227 2826 1
228 311 1
228 363 1
228 1053 1
228 2396 1
228 2619 1
228 2850 1
228 2970 1
229 305 1
229 1099 1
229 1104 1
229 1679 1
229 1701 1
229 1810 1
229 1850 1
229 2073 1
229 2187 1
229 2416 1
229 2738 1
229 2949 1
230 405 1
230 570 1
230 701 1
231 380 1
231 732 1
231 918 1
231 1694 1
231 1770 1
231 2768 1
232 412 1
232 414 1
232 581 1
232 627 1
232 724 1
232 956 1
232 991 1
232 1000 1
232 1056 1
232 1095 1
232 1121 1
232 1161 1
232 1229 1
232 1405 1
232 1479 1
232 1848 1
232 1923 1
232 2315 1
232 2377 1
232 2448 1
232 2674 1
233 2892 1
234 379 1
234 420 1
234 454 1
234 550 1
234 591 1
234 818 1
234 872 1
234 959 1
234 970 1
234 1028 1
234 1261 1
234 1633 1
234 1700 1
234 1888 1
234 2238 1
234 2378 1
235 416 1
235 1070 1
235 1517 1
235 2370 1
235 2817 1
235 2912 1
236 246 1
236 396 1
236 1087 1
236 1610 1
236 2221 1
236 2525 1
236 2740 1
236 2873 1
237 313 1
237 468 1
237 981 1
237 1138 1
237 1355 1
237 1433 1
237 1981 1
237 2775 1
237 2838 1
238 679 1
238 787 1
238 1020 1
238 1372 1
238 1506 1
238 1696 1
238 2013 1
238 2518 1
239 259 1
239 464 1
239 977 1
239 1048 1
239 1103 1
239 1200 1
239 1463 1
239 1695 1
239 1808 1
239 1904 1
239 2413 1
240 1526 1
242 298 1
242 349 1
242 469 1
242 525 1
242 560 1
242 578 1
242 661 1
242 900 1
242 924 1
242 1272 1
242 1558 1
242 1705 1
242 1811 1
242 1918 1
242 2444 1
242 2572 1
242 2647 1
243 251 1
243 258 1
243 460 1
243 1094 1
243 1630 1
243 2145 1
244 455 1
244 1136 1
244 2189 1
244 2516 1
245 255 1
245 1072 1
245 1276 1
245 1899 1
245 2101 1
245 2156 1
245 2406 1
245 2560 1
246 265 1
246 429 1
246 634 1
246 967 1
246 1016 1
246 1308 1
246 2774 1
247 582 1
247 588 1
247 712 1
247 788 1
247 807 1
247 963 1
247 1083 1
247 1084 1
247 1700 1
247 2041 1
248 259 1
248 338 1
248 390 1
248 839 1
248 883 1
248 928 1
248 950 1
248 1503 1
248 2534 1
248 2634 1
249 327 1
249 779 1
249 1166 1
249 1272 1
249 1378 1
249 1732 1
249 2037 1
249 2453 1
250 441 1
250 1600 1
250 2913 1
250 2988 1
251 949 1
252 886 1
252 1270 1
252 1708 1
252 2049 1
252 2186 1
253 463 1
253 775 1
253 980 1
253 1515 1
253 1835 1
253 1879 1
253 2255 1
254 469 1
254 650 1
254 853 1
254 993 1
254 1469 1
255 275 1
255 277 1
255 325 1
255 373 1
255 413 1
255 495 1
255 825 1
255 996 1
255 1068 1
255 1539 1
255 1636 1
255 1998 1
255 2078 1
255 2456 1
256 1477 1
258 1104 1
258 1510 1
258 1769 1
258 2313 1
258 2430 1
258 2533 1
258 2680 1
259 261 1
259 329 1
259 439 1
259 503 1
259 623 1
259 1002 1
259 1109 1
259 1257 1
259 1855 1
259 2007 1
259 2325 1
259 2696 1
260 308 1
260 321 1
260 381 1
260 406 1
260 428 1
260 753 1
260 771 1
260 781 1
260 846 1
260 995 1
260 1063 1
260 1362 1
260 1733 1
260 2089 1
260 2109 1
260 2372 1
261 316 1
261 318 1
261 340 1
261 358 1
261 579 1
261 600 1
261 623 1
261 648 1
261 655 1
261 685 1
261 772 1
261 810 1
261 992 1
261 1047 1
261 1126 1
261 1152 1
261 1425 1
261 1456 1
261 1737 1
261 1936 1
261 1977 1
261 2140 1
261 2279 1
261 2403 1
261 2456 1
261 2484 1
261 2919 1
262 448 1
262 1557 1
263 387 1
263 1201 1
263 1385 1
263 1769 1
263 1907 1
263 2918 1
264 471 1
264 657 1
264 690 1
264 793 1
264 1500 1
264 1565 1
264 2177 1
264 2583 1
265 526 1
265 753 1
265 1064 1
265 1075 1
265 1461 1
265 1688 1
265 1722 1
265 2527 1
266 378 1
266 382 1
266 829 1
266 1006 1
266 1173 1
266 1384 1
266 1578 1
267 400 1
267 444 1
267 1345 1
267 1814 1
267 2646 1
267 2769 1
267 2879 1
267 2890 1
268 276 1
268 442 1
268 479 1
268 978 1
268 1240 1
268 2275 1
268 2425 1
268 2558 1
269 400 1
269 437 1
269 958 1
269 2162 1
269 2700 1
270 1156 1
270 1979 1
271 531 1
271 729 1
271 743 1
271 1250 1
271 2639 1
272 335 1
272 459 1
272 504 1
272 711 1
272 887 1
272 952 1
272 1330 1
272 1377 1
272 1521 1
273 330 1
273 801 1
273 2413 1
274 1304 1
275 343 1
275 583 1
275 1111 1
276 426 1
276 509 1
276 687 1
276 1043 1
276 1103 1
276 1484 1
276 1871 1
276 2383 1
276 2897 1
277 327 1
277 465 1
277 1196 1
277 2233 1
278 280 1
278 345 1
278 451 1
278 608 1
278 966 1
278 1056 1
278 1450 1
278 1616 1
278 1685 1
278 1906 1
278 2674 1
278 2939 1
279 496 1
279 1223 1
280 450 1
280 466 1
280 483 1
280 765 1
280 935 1
280 961 1
280 1046 1
280 1192 1
280 1313 1
280 1587 1
280 2286 1
281 445 1
281 613 1
281 1215 1
281 1309 1
281 1503 1
281 1774 1
281 1964 1
281 2147 1
281 2176 1
281 2681 1
282 1103 1
283 847 1
283 1365 1
283 1397 1
283 2760 1
283 2785 1
284 366 1
284 401 1
284 569 1
284 596 1
284 633 1
284 761 1
284 896 1
284 1055 1
284 1637 1
284 1739 1
284 1754 1
284 1758 1
284 1868 1
284 1993 1
284 2226 1
284 2271 1
284 2436 1
284 2759 1
285 754 1
285 1002 1
285 1279 1
285 2063 1
285 2589 1
285 2952 1
286 399 1
286 568 1
286 947 1
286 986 1
286 1226 1
286 1381 1
286 1542 1
286 2163 1
286 2858 1
288 811 1
288 1516 1
288 1820 1
289 380 1
289 603 1
289 612 1
289 770 1
289 2269 1
289 2477 1
289 2887 1
290 707 1
290 1317 1
290 1343 1
290 1788 1
291 295 1
291 456 1
291 2076 1
291 2380 1
292 407 1
292 593 1
292 604 1
292 621 1
292 1031 1
292 1114 1
292 1156 1
292 1274 1
292 1296 1
292 1341 1
293 621 1
293 843 1
293 1320 1
293 1909 1
293 1984 1
293 2099 1
293 2590 1
293 2761 1
293 2766 1
294 337 1
294 849 1
294 1202 1
296 574 1
296 761 1
296 1095 1
296 1528 1
296 2081 1
296 2637 1
296 2763 1
297 385 1
297 405 1
297 464 1
297 544 1
297 547 1
297 562 1
297 665 1
297 782 1
297 1122 1
297 1205 1
297 1462 1
297 1538 1
297 1539 1
297 1716 1
297 1829 1
297 2034 1
297 2060 1
297 2286 1
297 2519 1
297 2838 1
297 2941 1
297 2964 1
298 317 1
298 451 1
298 504 1
298 699 1
298 828 1
298 1376 1
298 2866 1
299 1879 1
299 1980 1
299 1996 1
299 2293 1
300 309 1
300 356 1
300 425 1
300 427 1
300 457 1
300 601 1
300 628 1
300 789 1
300 1224 1
300 1871 1
300 2222 1
301 2217 1
301 2595 1
302 723 1
302 730 1
302 1260 1
302 1968 1
303 344 1
303 601 1
303 661 1
303 809 1
303 932 1
303 1059 1
303 1125 1
303 1605 1
303 1986 1
303 2639 1
304 312 1
304 420 1
304 543 1
304 760 1
304 811 1
304 1034 1
304 1490 1
304 1654 1
304 1740 1
304 1918 1
304 1945 1
304 2079 1
305 2044 1
305 2173 1
305 2268 1
306 345 1
306 573 1
306 1894 1
306 2524 1
307 786 1
307 1033 1
307 1603 1
307 2064 1
308 780 1
308 955 1
309 522 1
309 858 1
309 908 1
309 978 1
309 1138 1
309 1319 1
309 1494 1
309 1554 1
309 1602 1
309 1625 1
309 1817 1
309 2334 1
309 2368 1
309 2427 1
309 2569 1
310 344 1
310 486 1
311 457 1
311 529 1
311 670 1
311 1054 1
311 1156 1
311 1258 1
311 1389 1
311 1416 1
311 2107 1
311 2411 1
312 316 1
312 328 1
312 630 1
312 684 1
312 743 1
312 842 1
312 946 1
312 1682 1
312 2243 1
312 2793 1
313 1327 1
314 445 1
314 473 1
314 482 1
314 673 1
314 840 1
314 1048 1
314 1193 1
314 1241 1
314 1859 1
314 2316 1
314 2500 1
314 2671 1
314 2875 1
315 739 1
315 1044 1
315 1401 1
315 2069 1
315 2349 1
315 2779 1
316 319 1
316 427 1
316 433 1
316 1320 1
316 1583 1
316 1801 1
316 1891 1
316 1914 1
316 1990 1
316 2648 1
317 324 1
317 461 1
317 856 1
317 857 1
317 1271 1
317 1379 1
317 1576 1
317 2094 1
317 2789 1
318 822 1
318 1162 1
318 1422 1
318 1537 1
318 1631 1
318 2675 1
318 2814 1
319 608 1
319 854 1
319 880 1
319 1092 1
319 1322 1
319 1442 1
319 2434 1
319 2628 1
320 2002 1
321 359 1
321 392 1
321 643 1
321 740 1
321 1234 1
321 1374 1
321 2078 1
321 2265 1
321 2277 1
321 2808 1
321 2958 1
322 426 1
322 652 1
322 672 1
322 706 1
322 751 1
322 762 1
322 1026 1
322 1176 1
322 1206 1
322 1547 1
322 1926 1
322 2410 1
322 2816 1
323 392 1
323 616 1
323 834 1
323 1017 1
323 1116 1
323 1464 1
323 1474 1
323 1842 1
323 1871 1
323 2140 1
323 2148 1
323 2158 1
323 2265 1
323 2292 1
323 2810 1
324 777 1
324 1021 1
324 1027 1
324 1717 1
324 1773 1
324 2033 1
324 2511 1
324 2846 1
325 326 1
325 453 1
325 1233 1
325 1731 1
326 430 1
326 493 1
326 523 1
326 554 1
326 940 1
326 1041 1
326 1164 1
326 1219 1
326 1744 1
326 1767 1
326 1834 1
326 2113 1
326 2178 1
326 2284 1
326 2631 1
326 2702 1
326 2826 1
326 2827 1
327 766 1
327 1422 1
327 2106 1
327 2793 1
328 1497 1
328 1558 1
328 1884 1
329 378 1
329 408 1
329 419 1
329 478 1
329 491 1
329 503 1
329 512 1
329 532 1
329 600 1
329 609 1
329 658 1
329 732 1
329 806 1
329 814 1
329 824 1
329 909 1
329 971 1
329 1226 1
329 1235 1
329 1292 1
329 1427 1
329 1565 1
329 1566 1
329 1698 1
329 1849 1
329 2090 1
329 2340 1
329 2374 1
329 2473 1
329 2493 1
329 2509 1
329 2567 1
329 2888 1
330 840 1
330 942 1
330 1098 1
330 1133 1
330 1533 1
330 2338 1
331 398 1
331 435 1
331 813 1
331 1174 1
331 1634 1
331 1737 1
331 1866 1
331 2105 1
331 2205 1
332 353 1
332 461 1
332 691 1
332 693 1
332 773 1
332 1265 1
332 2074 1
332 2445 1
332 2545 1
332 2609 1
332 2759 1
333 395 1
333 484 1
333 595 1
333 613 1
333 675 1
333 832 1
333 1421 1
333 1559 1
333 1656 1
333 1683 1
333 1841 1
333 2071 1
333 2125 1
333 2266 1
333 2452 1
334 1402 1
334 1585 1
335 1323 1
335 1825 1
336 624 1
336 1920 1
337 356 1
337 374 1
337 493 1
337 500 1
337 642 1
337 665 1
337 907 1
337 935 1
337 1135 1
337 1150 1
337 1281 1
337 1720 1
337 2177 1
337 2309 1
337 2477 1
337 2566 1
337 2676 1
337 2704 1
337 2786 1
337 2858 1
337 2915 1
338 396 1
338 593 1
338 1428 1
338 1511 1
338 1541 1
338 1546 1
338 2068 1
338 2632 1
339 776 1
339 1852 1
339 2829 1
340 419 1
340 631 1
340 1480 1
340 2972 1
341 479 1
341 1129 1
341 1307 1
341 1417 1
341 1483 1
341 2040 1
341 2951 1
342 398 1
342 642 1
342 1077 1
342 1249 1
342 1280 1
342 1991 1
342 1995 1
342 2428 1
342 2582 1
343 1794 1
343 2247 1
343 2815 1
343 2830 1
343 2979 1
344 793 1
344 800 1
344 1050 1
344 1148 1
344 1676 1
344 1914 1
344 2019 1
344 2629 1
344 2855 1
345 2134 1
346 534 1
346 631 1
346 718 1
346 949 1
346 1231 1
346 1305 1
346 2314 1
346 2504 1
346 2714 1
347 406 1
347 531 1
347 541 1
347 614 1
347 651 1
347 1796 1
347 2606 1
348 977 1
348 1273 1
348 1501 1
348 1790 1
348 2528 1
348 2665 1
348 2696 1
349 515 1
349 516 1
349 540 1
349 586 1
349 828 1
349 1095 1
349 1237 1
349 1395 1
349 1487 1
349 1494 1
349 1968 1
349 2306 1
349 2862 1
350 360 1
350 420 1
350 589 1
350 744 1
350 775 1
350 905 1
350 1337 1
350 1414 1
350 1984 1
350 2012 1
350 2466 1
350 2802 1
351 1217 1
351 1892 1
352 451 1
352 885 1
352 1487 1
352 1683 1
352 1774 1
352 2001 1
352 2047 1
352 2882 1
353 597 1
353 1338 1
353 1544 1
354 1144 1
354 2138 1
354 2258 1
354 2376 1
354 2893 1
355 404 1
355 561 1
355 1074 1
355 2790 1
356 409 1
356 591 1
356 1040 1
356 1207 1
356 1314 1
356 1426 1
356 1619 1
356 1620 1
356 1898 1
356 2218 1
356 2437 1
357 703 1
357 727 1
357 758 1
357 1257 1
357 1466 1
357 2096 1
357 2534 1
357 2594 1
358 376 1
358 409 1
358 561 1
358 750 1
358 774 1
358 1310 1
358 1466 1
358 1731 1
358 1820 1
358 2480 1
358 2695 1
358 2754 1
358 2853 1
361 487 1
361 493 1
362 1018 1
362 1141 1
362 1275 1
362 1732 1
363 695 1
363 911 1
363 921 1
363 1066 1
363 1611 1
363 1868 1
363 1877 1
363 1959 1
363 2072 1
363 2118 1
363 2498 1
363 2605 1
363 2709 1
363 2735 1
364 736 1
364 951 1
364 2765 1
365 738 1
365 991 1
365 1541 1
365 1591 1
365 1640 1
365 1817 1
365 1960 1
365 1996 1
365 2961 1
365 2994 1
367 450 1
367 601 1
367 691 1
367 765 1
367 767 1
367 774 1
367 938 1
367 1672 1
367 1769 1
367 2021 1
367 2363 1
367 2811 1
367 2877 1
367 2940 1
367 2976 1
368 440 1
368 541 1
368 1097 1
368 1265 1
369 1121 1
369 1134 1
369 1666 1
369 1896 1
369 2073 1
369 2457 1
370 546 1
370 558 1
370 617 1
370 825 1
370 1439 1
370 1742 1
370 1826 1
370 2787 1
370 2912 1
372 534 1
372 930 1
373 1253 1
374 499 1
374 2047 1
374 2210 1
376 556 1
376 987 1
376 1075 1
376 1087 1
376 1113 1
376 2141 1
376 2190 1
376 2461 1
377 760 1
377 1268 1
377 1279 1
377 1795 1
377 2420 1
377 2491 1
377 2712 1
378 449 1
379 681 1
380 474 1
380 806 1
380 1667 1
380 1855 1
380 2402 1
381 1455 1
382 441 1
382 696 1
382 1471 1
382 2144 1
382 2169 1
382 2881 1
383 609 1
383 988 1
383 1686 1
383 1944 1
384 517 1
384 983 1
384 1022 1
384 2161 1
385 1269 1
385 2065 1
385 2344 1
386 924 1
386 1136 1
386 1311 1
386 1667 1
386 2337 1
386 2441 1
386 2675 1
387 393 1
387 1112 1
387 1547 1
387 2115 1
387 2120 1
387 2582 1
387 2682 1
388 474 1
388 1267 1
388 1710 1
388 2002 1
388 2085 1
388 2481 1
388 2662 1
388 2887 1
389 1392 1
389 1484 1
389 1642 1
390 492 1
390 494 1
390 1100 1
390 1304 1
390 2217 1
390 2252 1
390 2943 1
391 511 1
391 700 1
391 768 1
391 1093 1
391 1236 1
391 1333 1
391 1382 1
391 1469 1
391 1526 1
391 1954 1
391 2327 1
391 2666 1
392 2369 1
393 822 1
393 845 1
393 876 1
393 886 1
393 1123 1
393 1541 1
393 1755 1
393 2032 1
394 2398 1
394 2460 1
394 2462 1
394 2645 1
395 421 1
395 998 1
395 1238 1
395 2018 1
396 1060 1
396 1882 1
396 2250 1
397 1431 1
398 575 1
398 755 1
398 1033 1
398 1301 1
398 2394 1
398 2740 1
399 478 1
399 685 1
400 438 1
400 1440 1
400 1446 1
400 2645 1
401 596 1
401 2215 1
402 485 1
402 548 1
402 733 1
402 824 1
402 989 1
402 1256 1
402 1493 1
402 1797 1
402 1812 1
402 1932 1
402 2048 1
402 2472 1
402 2821 1
403 614 1
403 1203 1
403 1885 1
404 589 1
404 1113 1
404 1349 1
404 2011 1
405 657 1
405 1089 1
405 1373 1
405 1956 1
405 2098 1
406 525 1
406 527 1
406 587 1
406 867 1
406 933 1
406 1397 1
406 1423 1
406 2636 1
407 1675 1
407 2056 1
407 2240 1
407 2607 1
407 2975 1
408 472 1
408 675 1
408 1537 1
408 1815 1
409 661 1
410 449 1
410 491 1
410 494 1
410 606 1
410 653 1
410 664 1
410 844 1
410 848 1
410 1117 1
410 1155 1
410 1313 1
410 1350 1
410 1464 1
410 1648 1
410 1690 1
410 1721 1
410 1783 1
410 1908 1
410 1951 1
410 1994 1
410 2086 1
410 2212 1
410 2334 1
410 2898 1
411 489 1
411 551 1
411 646 1
411 2351 1
411 2358 1
412 540 1
412 641 1
412 810 1
412 982 1
413 849 1
413 962 1
413 1615 1
414 1251 1
414 1370 1
414 1556 1
415 472 1
415 552 1
415 1391 1
415 1450 1
415 1649 1
415 2061 1
416 2811 1
417 981 1
417 1063 1
417 1567 1
417 2937 1
418 2260 1
419 2384 1
420 429 1
420 1005 1
420 1006 1
420 1379 1
420 1512 1
420 1887 1
420 2224 1
420 2420 1
420 2554 1
420 2790 1
422 444 1
422 456 1
422 662 1
422 725 1
422 1044 1
422 1177 1
422 2112 1
422 2359 1
423 717 1
423 1066 1
424 1639 1
424 1701 1
424 2996 1
425 510 1
425 920 1
425 951 1
425 1025 1
425 1429 1
425 1448 1
425 1697 1
425 1901 1
425 1978 1
425 2360 1
425 2578 1
426 816 1
426 831 1
427 827 1
427 852 1
427 946 1
427 1302 1
427 1331 1
428 511 1
428 521 1
429 1248 1
429 1355 1
429 1727 1
429 1821 1
429 1862 1
429 2163 1
429 2405 1
430 543 1
431 835 1
431 853 1
431 1350 1
431 1505 1
431 2293 1
431 2659 1
432 437 1
432 460 1
432 1584 1
432 1827 1
432 2191 1
432 2371 1
433 1648 1
433 1934 1
433 2261 1
433 2515 1
434 1946 1
435 581 1
435 1416 1
435 1771 1
436 571 1
436 638 1
436 905 1
436 1041 1
436 1314 1
436 1318 1
436 1351 1
436 1816 1
436 2924 1
437 627 1
438 1051 1
438 2144 1
439 498 1
439 576 1
439 863 1
439 1241 1
439 2157 1
439 2170 1
439 2343 1
440 442 1
440 470 1
440 1661 1
440 1938 1
440 2191 1
440 2284 1
440 2816 1
440 2913 1
441 783 1
441 1477 1
441 1864 1
441 2446 1
442 894 1
442 2187 1
442 2490 1
443 851 1
443 1994 1
443 2588 1
443 2596 1
444 824 1
444 865 1
444 1008 1
444 1016 1
444 1400 1
444 1684 1
444 1950 1
444 2303 1
444 2333 1
444 2541 1
445 756 1
445 899 1
445 1428 1
445 1799 1
446 1272 1
446 2530 1
446 2941 1
447 1199 1
447 1751 1
447 1782 1
447 2051 1
448 561 1
448 626 1
448 706 1
448 1059 1
448 1571 1
448 2214 1
448 2279 1
449 619 1
449 720 1
449 858 1
449 1258 1
449 1540 1
450 571 1
450 617 1
450 829 1
450 1428 1
450 1687 1
450 2166 1
450 2401 1
451 1525 1
451 1909 1
451 2088 1
451 2502 1
451 2679 1
452 686 1
452 792 1
452 1112 1
452 1631 1
452 1857 1
452 2309 1
452 2585 1
452 2589 1
452 2691 1
452 2942 1
453 1219 1
453 1566 1
453 1804 1
453 1856 1
453 2174 1
454 762 1
454 916 1
454 1208 1
454 1848 1
454 1873 1
454 2211 1
454 2974 1
455 881 1
455 1037 1
455 1060 1
455 1878 1
455 2131 1
455 2662 1
455 2785 1
456 694 1
456 1545 1
456 1977 1
456 2469 1
456 2574 1
457 884 1
457 1036 1
457 1441 1
457 1675 1
457 1808 1
457 2186 1
458 521 1
458 559 1
458 1030 1
458 1910 1
458 2472 1
458 2893 1
460 552 1
460 2889 1
462 741 1
462 821 1
462 1273 1
462 1357 1
462 1704 1
462 1761 1
462 1939 1
462 2196 1
462 2397 1
462 2419 1
463 1330 1
463 1801 1
463 2150 1
463 2264 1
464 877 1
464 921 1
464 2449 1
464 2683 1
465 804 1
465 2603 1
465 2661 1
466 830 1
466 850 1
466 1187 1
466 1220 1
466 1533 1
466 1628 1
466 1633 1
466 1895 1
466 2184 1
466 2319 1
466 2335 1
466 2565 1
466 2658 1
466 2778 1
466 2814 1
467 605 1
467 666 1
467 778 1
467 855 1
467 1110 1
467 1289 1
467 2000 1
467 2573 1
468 772 1
468 880 1
468 935 1
468 1216 1
468 1357 1
468 1664 1
468 1666 1
468 1838 1
468 1909 1
468 1986 1
468 2329 1
468 2390 1
469 475 1
469 513 1
469 1092 1
469 1147 1
469 1342 1
469 1540 1
469 2196 1
470 812 1
470 1678 1
470 1763 1
471 555 1
471 560 1
471 650 1
471 798 1
471 1000 1
471 1102 1
471 1158 1
471 1163 1
471 1394 1
471 2930 1
472 539 1
472 682 1
472 1260 1
472 1491 1
472 1947 1
472 2144 1
472 2638 1
472 2909 1
472 2954 1
473 659 1
473 1352 1
473 1365 1
473 2788 1
474 513 1
474 639 1
474 762 1
474 994 1
474 1465 1
474 1549 1
474 1750 1
474 2130 1
474 2251 1
474 2593 1
475 969 1
475 1486 1
475 1849 1
475 2109 1
476 538 1
476 879 1
476 1706 1
476 2168 1
476 2746 1
477 705 1
477 1418 1
477 1501 1
477 1589 1
477 1692 1
478 745 1
478 900 1
478 1445 1
478 1569 1
478 1789 1
478 1938 1
478 2067 1
478 2960 1
479 893 1
479 1069 1
479 1459 1
479 2132 1
480 844 1
480 970 1
480 1020 1
480 1059 1
480 1127 1
480 1157 1
480 1412 1
480 1429 1
480 1831 1
480 1832 1
480 2104 1
480 2274 1
481 489 1
481 503 1
481 664 1
481 1373 1
481 1436 1
481 1811 1
481 2126 1
481 2154 1
482 922 1
482 2099 1
482 2658 1
482 2859 1
483 748 1
484 731 1
484 887 1
484 965 1
485 490 1
485 835 1
485 1038 1
485 1340 1
486 655 1
486 803 1
486 922 1
486 1782 1
486 2145 1
486 2491 1
486 2493 1
486 2563 1
486 2844 1
487 797 1
487 1401 1
487 1476 1
487 1860 1
487 1984 1
487 2547 1
488 557 1
488 580 1
488 1010 1
488 1165 1
488 1358 1
488 1832 1
488 2166 1
488 2180 1
488 2358 1
488 2470 1
488 2842 1
489 562 1
489 639 1
489 934 1
489 982 1
489 1839 1
489 2564 1
490 646 1
490 814 1
490 860 1
490 954 1
490 1184 1
490 1348 1
490 1367 1
490 1475 1
490 1544 1
490 1570 1
490 1634 1
490 1756 1
490 1787 1
490 1844 1
490 1979 1
490 1983 1
490 2138 1
490 2223 1
490 2263 1
490 2607 1
490 2845 1
491 563 1
491 598 1
491 726 1
491 2036 1
491 2920 1
492 913 1
492 1253 1
492 1269 1
492 1671 1
492 2056 1
492 2426 1
492 2804 1
493 698 1
493 926 1
493 1074 1
495 1068 1
495 2475 1
496 1394 1
496 1999 1
496 2550 1
497 716 1
498 544 1
498 882 1
498 1488 1
499 1420 1
499 1489 1
500 869 1
500 1883 1
500 2396 1
501 1451 1
501 2328 1
501 2721 1
502 578 1
502 1617 1
503 2834 1
504 594 1
504 1194 1
505 976 1
505 1128 1
505 1196 1
505 1760 1
505 2533 1
506 612 1
506 1084 1
506 1171 1
506 1965 1
506 2566 1
507 732 1
507 1130 1
507 1637 1
507 2281 1
508 781 1
508 1159 1
508 1488 1
508 2015 1
509 532 1
509 1285 1
509 1632 1
509 1660 1
509 1818 1
509 2191 1
509 2698 1
510 674 1
510 839 1
510 971 1
510 1045 1
510 1353 1
510 2468 1
510 2510 1
510 2782 1
512 2253 1
513 919 1
513 1263 1
513 1746 1
513 2705 1
514 660 1
514 1314 1
514 1999 1
514 2422 1
515 1291 1
515 2139 1
515 2391 1
515 2999 1
516 642 1
516 683 1
516 1932 1
516 2032 1
516 2409 1
517 703 1
517 1840 1
517 2161 1
517 2239 1
517 2697 1
518 602 1
518 649 1
518 700 1
518 1219 1
518 2410 1
518 2752 1
518 2961 1
519 2740 1
519 2813 1
519 2849 1
520 767 1
520 1011 1
520 1144 1
521 2044 1
522 660 1
522 703 1
522 782 1
522 912 1
522 916 1
522 997 1
522 1336 1
522 1418 1
522 1452 1
522 1896 1
522 2209 1
522 2249 1
522 2536 1
523 772 1
523 1049 1
523 1532 1
523 2255 1
523 2696 1
523 2715 1
524 567 1
524 1434 1
524 1650 1
524 2378 1
524 2916 1
525 759 1
525 941 1
525 1658 1
525 1935 1
525 2687 1
526 2680 1
527 555 1
527 584 1
527 710 1
527 2736 1
528 634 1
528 833 1
528 940 1
528 1009 1
528 1115 1
528 2306 1
528 2504 1
528 2817 1
529 722 1
529 842 1
529 1025 1
529 1044 1
529 1496 1
529 1659 1
529 1826 1
529 1987 1
529 2353 1
529 2403 1
530 657 1
530 798 1
530 2122 1
531 1235 1
531 1276 1
532 686 1
532 1379 1
532 1384 1
532 2897 1
532 2936 1
533 724 1
533 888 1
533 1183 1
533 1249 1
533 1554 1
533 1715 1
533 1927 1
533 2206 1
533 2560 1
534 898 1
534 1496 1
534 2422 1
535 1449 1
536 1736 1
536 2033 1
536 2212 1
536 2758 1
537 628 1
537 796 1
537 1271 1
537 1475 1
537 1817 1
537 1966 1
537 1986 1
537 2574 1
538 1211 1
538 1941 1
538 2575 1
538 2848 1
539 1519 1
539 1968 1
539 2435 1
540 576 1
540 653 1
540 814 1
540 834 1
540 851 1
540 1042 1
540 1349 1
540 2229 1
540 2564 1
541 2108 1
541 2225 1
542 545 1
542 766 1
542 1997 1
542 2615 1
543 1372 1
543 1562 1
544 607 1
544 821 1
544 850 1
544 1485 1
544 2530 1
545 2568 1
546 677 1
546 891 1
546 1399 1
547 722 1
547 819 1
547 909 1
547 920 1
547 999 1
547 1256 1
547 1291 1
547 2598 1
548 1339 1
548 1704 1
548 1962 1
548 2137 1
549 2323 1
549 2542 1
550 557 1
550 931 1
550 1535 1
550 2084 1
551 721 1
551 2374 1
552 716 1
552 881 1
552 1169 1
552 1185 1
552 1744 1
552 2475 1
552 2810 1
552 2978 1
553 856 1
553 2799 1
553 2820 1
554 957 1
554 2010 1
555 616 1
555 1516 1
555 2148 1
555 2377 1
555 2773 1
556 1803 1
556 2174 1
557 714 1
557 868 1
557 891 1
557 1047 1
557 1193 1
557 1207 1
557 1457 1
557 2426 1
557 2745 1
557 2761 1
559 614 1
559 760 1
559 1211 1
559 1258 1
559 1289 1
559 1607 1
559 2386 1
559 2506 1
560 921 1
560 1166 1
560 1242 1
560 1508 1
560 2535 1
560 2746 1
560 2780 1
561 953 1
562 1814 1
562 1937 1
562 2379 1
562 2934 1
563 575 1
563 723 1
563 1419 1
563 1653 1
563 1989 1
564 691 1
564 1819 1
564 1832 1
564 2387 1
564 2818 1
565 580 1
565 803 1
565 943 1
565 1001 1
565 1255 1
565 1294 1
565 1543 1
565 1561 1
565 1877 1
565 2234 1
566 593 1
566 705 1
566 720 1
566 1424 1
566 1959 1
567 1332 1
568 575 1
568 680 1
568 2151 1
569 1151 1
569 1210 1
569 1617 1
569 2038 1
569 2731 1
569 2744 1
570 1287 1
571 1958 1
572 780 1
572 2291 1
572 2801 1
573 654 1
573 1092 1
573 2255 1
573 2407 1
574 1556 1
575 1338 1
575 2219 1
575 2302 1
575 2579 1
576 580 1
576 663 1
576 674 1
576 809 1
576 1186 1
576 1253 1
577 847 1
577 1578 1
577 2020 1
577 2184 1
577 2546 1
578 1928 1
578 2071 1
578 2834 1
579 689 1
579 1135 1
579 2584 1
580 1007 1
580 2686 1
581 677 1
581 742 1
581 774 1
581 1305 1
581 2010 1
581 2059 1
581 2908 1
581 2952 1
582 671 1
582 860 1
582 1246 1
582 2525 1
583 1890 1
583 2776 1
584 1934 1
584 2332 1
584 2801 1
584 2805 1
585 2537 1
586 1307 1
586 2185 1
587 756 1
587 815 1
587 843 1
587 1073 1
587 1100 1
587 1289 1
587 1307 1
587 1504 1
587 1888 1
588 749 1
588 1520 1
588 1795 1
588 2062 1
588 2225 1
588 2971 1
589 1065 1
589 1619 1
589 1688 1
589 1905 1
589 2485 1
589 2874 1
590 666 1
590 915 1
590 1029 1
590 1102 1
590 1360 1
590 1478 1
590 2311 1
591 1938 1
591 2022 1
591 2621 1
593 606 1
593 1055 1
593 1244 1
593 1270 1
593 1649 1
593 2037 1
593 2085 1
593 2399 1
593 2623 1
593 2837 1
594 1580 1
594 2651 1
595 939 1
596 698 1
596 734 1
596 1012 1
596 1038 1
596 1502 1
596 2654 1
597 1021 1
597 1647 1
597 1952 1
597 2660 1
598 636 1
598 681 1
598 785 1
598 808 1
598 1346 1
598 2194 1
598 2251 1
598 2655 1
599 1594 1
599 1839 1
599 2226 1
599 2928 1
600 801 1
600 2076 1
600 2227 1
601 898 1
601 2049 1
601 2354 1
602 727 1
603 1026 1
603 1106 1
603 1173 1
605 722 1
605 1163 1
605 1425 1
605 2362 1
606 672 1
606 1093 1
607 1117 1
608 895 1
608 1971 1
608 2163 1
608 2361 1
609 658 1
609 683 1
609 794 1
609 1015 1
609 1189 1
609 1201 1
609 2241 1
610 1668 1
610 2462 1
610 2658 1
611 2231 1
612 717 1
612 1931 1
613 896 1
613 1963 1
613 2908 1
614 779 1
614 904 1
614 1356 1
614 2133 1
614 2712 1
615 1363 1
616 1609 1
616 1793 1
616 1974 1
616 2291 1
618 988 1
618 1430 1
618 2318 1
620 679 1
620 1130 1
620 1571 1
620 1670 1
620 2562 1
620 2577 1
621 1273 1
621 1279 1
621 1324 1
621 1601 1
621 1981 1
621 2328 1
621 2956 1
622 1042 1
622 2461 1
622 2990 1
624 1177 1
624 1793 1
624 2054 1
624 2356 1
624 2771 1
624 2862 1
625 680 1
625 784 1
625 1153 1
625 1768 1
626 764 1
626 2423 1
627 1188 1
627 2197 1
627 2204 1
627 2421 1
628 1319 1
628 2157 1
628 2892 1
628 2991 1
629 2124 1
631 920 1
631 2048 1
631 2338 1
632 718 1
632 954 1
632 1441 1
632 2315 1
634 865 1
634 1398 1
634 1669 1
634 1777 1
634 2130 1
635 1432 1
636 1414 1
637 802 1
637 1529 1
637 1716 1
638 1358 1
638 1505 1
638 1884 1
638 2473 1
638 2839 1
638 2965 1
639 744 1
639 1612 1
639 2631 1
640 696 1
640 709 1
640 845 1
640 909 1
640 1126 1
640 1725 1
640 2353 1
640 2577 1
640 2640 1
640 2969 1
642 895 1
642 980 1
642 992 1
642 2550 1
643 838 1
643 875 1
643 968 1
643 1076 1
643 1204 1
643 1502 1
643 1534 1
643 1882 1
643 2521 1
644 1078 1
644 2049 1
645 2880 1
646 2591 1
647 2289 1
648 1195 1
648 2733 1
649 864 1
649 937 1
649 950 1
649 1215 1
649 1896 1
650 1807 1
650 2304 1
651 770 1
651 2468 1
651 2773 1
652 1511 1
653 672 1
653 721 1
653 766 1
653 1168 1
654 1038 1
654 1039 1
654 1096 1
654 1287 1
654 2077 1
654 2956 1
655 1569 1
656 727 1
656 947 1
656 982 1
656 1046 1
656 2089 1
656 2907 1
657 1012 1
657 1438 1
657 1943 1
657 2426 1
658 746 1
658 931 1
658 947 1
658 1777 1
658 2439 1
659 945 1
659 1117 1
659 1423 1
659 1974 1
659 2283 1
659 2590 1
659 2867 1
660 786 1
660 1035 1
660 1222 1
660 1574 1
660 1718 1
660 1959 1
660 2364 1
660 2916 1
661 663 1
661 1080 1
661 1866 1
661 2869 1
662 907 1
663 682 1
663 1052 1
663 1655 1
663 2256 1
663 2419 1
665 787 1
665 1147 1
665 1879 1
665 2312 1
665 2568 1
665 2611 1
665 2851 1
666 788 1
666 2703 1
667 737 1
667 1973 1
668 843 1
668 1175 1
669 2577 1
671 1780 1
673 1304 1
673 2175 1
676 806 1
677 1361 1
677 2565 1
678 807 1
678 1040 1
678 1065 1
678 1325 1
678 1382 1
678 1503 1
678 2241 1
678 2829 1
679 1302 1
679 2022 1
679 2095 1
679 2670 1
680 763 1
680 903 1
680 1091 1
680 1124 1
680 1160 1
680 1254 1
680 1776 1
680 2710 1
681 785 1
681 848 1
681 1995 1
682 830 1
682 1008 1
682 1334 1
682 1513 1
682 1846 1
682 2149 1
682 2487 1
682 2685 1
683 862 1
683 1783 1
685 734 1
686 2992 1
688 813 1
688 1023 1
688 1363 1
688 1830 1
688 1943 1
689 751 1
689 1440 1
689 1693 1
689 2165 1
689 2400 1
689 2463 1
689 2626 1
690 889 1
690 1129 1
690 1585 1
690 1939 1
691 1112 1
691 2317 1
691 2557 1
692 1148 1
692 1232 1
692 1352 1
692 1570 1
692 1606 1
692 1787 1
692 2227 1
692 2412 1
692 2723 1
693 1962 1
693 2673 1
695 1187 1
695 1835 1
695 2081 1
695 2153 1
696 2523 1
696 2576 1
697 2643 1
698 1225 1
698 1312 1
698 2496 1
699 1518 1
700 1214 1
700 2633 1
701 1140 1
701 2161 1
701 2457 1
703 1164 1
703 1193 1
704 1784 1
704 2202 1
704 2280 1
706 707 1
706 851 1
706 1239 1
706 1351 1
706 1788 1
706 1838 1
706 1878 1
706 2115 1
706 2159 1
706 2437 1
706 2447 1
706 2478 1
707 885 1
707 1586 1
707 2219 1
707 2781 1
707 2926 1
708 910 1
708 1640 1
708 1702 1
708 2789 1
709 1579 1
710 1243 1
710 1722 1
710 1920 1
711 1292 1
711 2417 1
713 1170 1
713 1590 1
713 2589 1
713 2931 1
714 1931 1
715 1014 1
715 2753 1
715 2843 1
716 1523 1
716 2072 1
717 1662 1
717 2006 1
718 1097 1
718 1189 1
721 1828 1
721 2409 1
723 1504 1
724 1374 1
724 1723 1
724 2155 1
724 2188 1
724 2776 1
726 1335 1
726 2896 1
727 862 1
727 1055 1
727 1413 1
727 1419 1
727 1623 1
727 2113 1
728 983 1
728 1602 1
728 1860 1
728 1987 1
728 2331 1
728 2857 1
728 2869 1
728 2957 1
729 1439 1
729 1956 1
729 2091 1
729 2480 1
730 1693 1
731 1340 1
731 1765 1
732 820 1
732 1529 1
732 2902 1
733 917 1
733 1123 1
733 1789 1
733 2171 1
733 2954 1
734 1136 1
734 1376 1
734 1781 1
734 2009 1
735 1252 1
735 1853 1
735 2499 1
736 738 1
736 1775 1
736 1969 1
737 2986 1
739 1488 1
739 2831 1
740 871 1
740 1008 1
740 1088 1
740 1231 1
740 1712 1
740 2021 1
741 1090 1
741 2292 1
742 903 1
742 1190 1
743 1076 1
743 1131 1
743 2179 1
743 2784 1
744 1735 1
744 1762 1
744 1780 1
744 1805 1
744 2069 1
744 2112 1
744 2464 1
744 2759 1
744 2955 1
745 759 1
745 821 1
745 1705 1
745 1870 1
745 1913 1
745 2432 1
746 1111 1
746 1127 1
746 1944 1
746 1963 1
746 2031 1
746 2066 1
746 2376 1
746 2540 1
747 763 1
747 2183 1
747 2842 1
748 870 1
748 1370 1
748 1536 1
748 2444 1
748 2505 1
748 2672 1
749 984 1
749 1402 1
749 1457 1
750 1417 1
751 1145 1
751 1362 1
751 1991 1
751 2825 1
752 771 1
752 2011 1
753 942 1
753 2784 1
753 2865 1
753 2948 1
753 2978 1
754 1107 1
754 2272 1
754 2331 1
754 2598 1
754 2847 1
756 1014 1
757 866 1
757 1116 1
757 1244 1
757 2023 1
757 2203 1
757 2313 1
757 2359 1
757 2488 1
757 2772 1
757 2773 1
758 1165 1
758 2745 1
759 813 1
759 884 1
759 2083 1
759 2312 1
760 984 1
760 1247 1
760 2052 1
762 770 1
762 2343 1
763 1014 1
763 1375 1
764 2471 1
764 2953 1
765 2200 1
765 2244 1
766 1864 1
766 2824 1
767 768 1
767 816 1
767 923 1
768 889 1
770 819 1
770 1067 1
770 1073 1
770 1248 1
770 1577 1
770 1757 1
770 2031 1
770 2322 1
770 2623 1
771 907 1
771 976 1
771 1448 1
771 1973 1
772 2725 1
773 864 1
773 996 1
773 1531 1
773 1905 1
773 2605 1
774 1217 1
774 1499 1
774 2041 1
774 2203 1
774 2551 1
774 2984 1
775 1079 1
775 2343 1
776 2796 1
777 1137 1
777 2034 1
777 2841 1
778 906 1
778 2440 1
779 1762 1
779 2433 1
780 876 1
780 1099 1
780 1381 1
780 2494 1
781 1120 1
781 1377 1
783 864 1
783 1298 1
783 2937 1
784 1047 1
784 1825 1
784 2019 1
784 2159 1
784 2357 1
785 1330 1
786 1198 1
786 1587 1
786 2213 1
786 2669 1
787 1953 1
787 2168 1
789 1351 1
789 1610 1
789 1652 1
789 2016 1
789 2354 1
790 2537 1
791 1976 1
791 2483 1
792 826 1
792 869 1
792 1077 1
792 1355 1
792 1509 1
792 1624 1
792 1849 1
792 2751 1
792 2850 1
792 2960 1
793 841 1
793 1415 1
793 1846 1
793 2585 1
794 1822 1
794 2320 1
795 2998 1
796 1210 1
796 1606 1
796 2053 1
796 2125 1
796 2452 1
796 2741 1
797 1750 1
797 1826 1
797 1977 1
797 2654 1
797 2767 1
798 1073 1
798 1470 1
798 1703 1
798 2093 1
798 2469 1
798 2850 1
799 1804 1
799 1898 1
799 2686 1
800 2997 1
801 1579 1
801 1718 1
802 1124 1
802 1364 1
802 1495 1
802 1777 1
802 2243 1
802 2339 1
802 2613 1
802 2671 1
802 2945 1
803 964 1
805 1210 1
805 1519 1
805 2146 1
807 2334 1
807 2638 1
807 2815 1
808 918 1
808 1115 1
808 1143 1
808 1607 1
808 2032 1
808 2529 1
808 2539 1
808 2852 1
809 2584 1
810 1161 1
810 1185 1
810 1317 1
810 2189 1
810 2842 1
811 901 1
811 910 1
811 1107 1
811 1740 1
811 1760 1
811 1932 1
811 2079 1
811 2117 1
811 2219 1
811 2233 1
811 2442 1
811 2554 1
812 1427 1
812 1643 1
812 1775 1
812 2737 1
814 1100 1
815 1106 1
815 2122 1
815 2296 1
815 2537 1
815 2768 1
815 2794 1
816 2160 1
816 2236 1
816 2611 1
818 972 1
819 878 1
819 888 1
819 1347 1
819 1786 1
819 2319 1
820 883 1
820 1326 1
820 1919 1
821 1098 1
821 1300 1
821 2242 1
821 2639 1
822 1840 1
822 2747 1
824 861 1
824 1108 1
824 1141 1
824 1805 1
824 2545 1
825 893 1
826 849 1
826 2089 1
826 2440 1
827 986 1
827 1078 1
827 1181 1
827 2121 1
828 1592 1
829 1482 1
829 1566 1
829 1942 1
829 2000 1
829 2147 1
829 2973 1
830 856 1
830 1018 1
830 1378 1
830 2218 1
830 2623 1
833 2339 1
834 1506 1
834 2384 1
834 2986 1
835 1947 1
836 930 1
836 1012 1
836 2209 1
836 2408 1
836 2922 1
837 2104 1
838 1005 1
838 2272 1
841 1167 1
841 1227 1
841 1267 1
841 1299 1
841 1348 1
841 1513 1
841 2535 1
842 1290 1
842 2441 1
842 2782 1
843 1449 1
843 2883 1
844 1096 1
845 990 1
845 2460 1
845 2790 1
846 1910 1
846 1973 1
847 1202 1
847 1359 1
847 2597 1
848 924 1
848 1577 1
848 1924 1
849 1051 1
849 1893 1
849 2308 1
850 1321 1
851 2817 1
852 1204 1
852 1458 1
852 1903 1
852 2218 1
852 2394 1
853 1654 1
853 2129 1
854 1079 1
854 1809 1
854 1906 1
854 2294 1
854 2655 1
855 1582 1
855 2463 1
856 868 1
856 885 1
856 1638 1
856 2158 1
856 2935 1
857 1085 1
857 1110 1
857 1295 1
857 1461 1
857 1997 1
857 2376 1
858 928 1
858 1049 1
858 1175 1
858 1360 1
858 1859 1
858 1945 1
859 1090 1
859 1728 1
859 1798 1
859 2140 1
859 2432 1
859 2434 1
859 2904 1
860 1122 1
861 889 1
861 2520 1
862 1955 1
863 1413 1
863 1522 1
864 1573 1
864 2052 1
864 2269 1
864 2397 1
864 2710 1
866 948 1
866 1003 1
866 1407 1
866 1940 1
866 2224 1
866 2342 1
867 1123 1
867 2012 1
868 1538 1
868 1553 1
868 1686 1
868 1903 1
868 2169 1
868 2749 1
869 1653 1
870 1009 1
872 1460 1
872 1874 1
873 2005 1
873 2786 1
874 1227 1
874 1262 1
874 1865 1
874 2398 1
874 2603 1
875 1007 1
875 2068 1
876 1127 1
876 2414 1
877 878 1
877 1969 1
878 1438 1
878 2483 1
879 1492 1
879 1560 1
879 1778 1
879 1856 1
879 1993 1
879 2200 1
879 2352 1
879 2431 1
880 881 1
880 1385 1
882 950 1
882 1011 1
882 1024 1
882 1295 1
882 2294 1
882 2497 1
883 2883 1
884 1486 1
884 1579 1
884 2356 1
885 1570 1
885 2821 1
885 2890 1
886 1553 1
886 1622 1
886 1691 1
886 2929 1
887 1140 1
887 1301 1
887 1327 1
887 1344 1
887 1622 1
887 2076 1
888 911 1
889 2543 1
890 1276 1
890 1771 1
890 2222 1
890 2366 1
892 1377 1
892 1926 1
893 1354 1
893 2484 1
894 1045 1
894 2103 1
895 1054 1
895 1356 1
897 1910 1
898 1240 1
898 2688 1
900 1694 1
901 2095 1
901 2143 1
903 1076 1
903 1172 1
903 1366 1
903 1518 1
903 1583 1
903 1627 1
903 1940 1
904 1157 1
905 990 1
905 1185 1
905 1489 1
905 1491 1
905 1520 1
905 1605 1
905 1646 1
905 2580 1
907 2646 1
908 1146 1
908 1154 1
909 1435 1
909 2284 1
909 2855 1
912 1022 1
912 1048 1
912 1917 1
912 2050 1
912 2396 1
912 2600 1
912 2885 1
913 2644 1
914 1673 1
914 2078 1
914 2636 1
915 1089 1
915 1277 1
915 2070 1
915 2365 1
917 1331 1
917 2567 1
917 2870 1
917 2959 1
918 2024 1
918 2627 1
918 2854 1
919 1139 1
919 2619 1
920 953 1
920 2240 1
921 1625 1
922 1025 1
922 2476 1
923 1591 1
924 1206 1
924 2147 1
925 1197 1
925 1417 1
925 1468 1
925 1600 1
925 2847 1
926 1404 1
926 1885 1
926 2366 1
926 2748 1
927 1460 1
927 2074 1
928 1284 1
929 994 1
929 2393 1
929 2552 1
930 1149 1
930 1562 1
930 1794 1
931 939 1
933 943 1
933 2206 1
935 2983 1
936 2515 1
936 2994 1
937 1498 1
937 2528 1
937 2803 1
937 2924 1
938 1467 1
938 1806 1
938 2653 1
939 2525 1
940 1353 1
940 2118 1
940 2156 1
940 2229 1
941 1640 1
941 2715 1
941 2844 1
942 1957 1
942 2279 1
942 2441 1
943 1383 1
943 2061 1
943 2101 1
945 1505 1
945 1765 1
945 2053 1
945 2214 1
945 2258 1
946 2093 1
946 2620 1
946 2913 1
947 1387 1
947 1912 1
947 2025 1
947 2264 1
949 1306 1
949 1328 1
949 2755 1
950 1951 1
951 1858 1
951 1929 1
952 1761 1
952 1869 1
953 1406 1
953 2254 1
953 2721 1
954 1720 1
954 2483 1
954 2697 1
955 1282 1
956 974 1
956 1138 1
956 1890 1
956 2151 1
958 2404 1
958 2661 1
958 2822 1
959 1282 1
959 1431 1
959 1657 1
959 1819 1
959 1878 1
959 2246 1
960 1999 1
960 2997 1
961 997 1
961 1194 1
961 2105 1
962 2764 1
964 1543 1
965 1094 1
965 1212 1
965 1299 1
965 2938 1
967 975 1
967 1018 1
967 1120 1
967 1267 1
967 1901 1
967 2248 1
967 2270 1
968 2415 1
970 1495 1
971 1404 1
972 1236 1
972 1651 1
973 1064 1
973 1387 1
973 2492 1
974 1946 1
975 1015 1
976 1613 1
976 1704 1
976 1766 1
976 1842 1
976 1949 1
976 2439 1
977 1366 1
977 1665 1
978 1418 1
978 2421 1
978 2678 1
978 2849 1
978 2959 1
980 1420 1
980 2273 1
982 1535 1
982 1847 1
982 1852 1
982 2665 1
982 2686 1
983 1058 1
983 2048 1
984 2424 1
985 1740 1
985 2617 1
985 2794 1
986 1284 1
986 2022 1
986 2618 1
987 1003 1
987 2685 1
988 1195 1
988 2302 1
989 1773 1
989 1874 1
989 2110 1
989 2194 1
989 2885 1
989 2956 1
989 2995 1
990 1695 1
990 1757 1
990 1858 1
990 2003 1
994 1752 1
995 1072 1
995 1803 1
996 1452 1
996 1867 1
996 1926 1
996 2031 1
996 2120 1
996 2580 1
996 2661 1
996 2681 1
997 1019 1
997 1770 1
997 2527 1
997 2774 1
998 1081 1
998 1264 1
999 1209 1
999 1302 1
999 1329 1
999 1601 1
999 2162 1
999 2548 1
999 2656 1
999 2764 1
999 2771 1
1001 1349 1
1001 1612 1
1003 1591 1
1003 2036 1
1003 2283 1
1003 2453 1
1003 2630 1
1004 1686 1
1004 2381 1
1004 2723 1
1006 1036 1
1007 1031 1
1007 1139 1
1008 1194 1
1008 1634 1
1008 1815 1
1008 2004 1
1008 2555 1
1009 1061 1
1009 2590 1
1009 2796 1
1010 1970 1
1010 2403 1
1010 2910 1
1011 2460 1
1012 1842 1
1012 1967 1
1013 1534 1
1013 1748 1
1014 2379 1
1014 2484 1
1017 1298 1
1018 1125 1
1018 1321 1
1018 2274 1
1018 2301 1
1018 2544 1
1018 2660 1
1018 2921 1
1019 1086 1
1019 1509 1
1019 2770 1
1020 1155 1
1020 1913 1
1021 1162 1
1021 1646 1
1021 1919 1
1021 1965 1
1021 2153 1
1022 1635 1
1022 2468 1
1022 2892 1
1022 2963 1
1023 1628 1
1023 2386 1
1024 1067 1
1024 1642 1
1027 2701 1
1029 1164 1
1029 1365 1
1029 1628 1
1029 2915 1
1030 1462 1
1030 1563 1
1030 1796 1
1032 1655 1
1032 1708 1
1032 1752 1
1032 2277 1
1032 2724 1
1033 1599 1
1033 2683 1
1033 2724 1
1034 1594 1
1038 2955 1
1040 1462 1
1041 1652 1
1041 1700 1
1042 1933 1
1043 1464 1
1043 1626 1
1043 1707 1
1043 1800 1
1043 1954 1
1043 2651 1
1045 1403 1
1045 1904 1
1047 1067 1
1047 1561 1
1047 1787 1
1047 1790 1
1047 2495 1
1047 2920 1
1048 1052 1
1048 1531 1
1048 2029 1
1048 2363 1
1048 2808 1
1049 1107 1
1049 1342 1
1049 1402 1
1050 2455 1
1051 1687 1
1052 1133 1
1052 1483 1
1052 2358 1
1052 2615 1
1054 2532 1
1054 2546 1
1056 2853 1
1056 2935 1
1057 1280 1
1057 2121 1
1058 1387 1
1059 1563 1
1059 1895 1
1060 1471 1
1060 1784 1
1061 1305 1
1061 1624 1
1061 2391 1
1061 2687 1
1061 2694 1
1061 2750 1
1062 1085 1
1062 1937 1
1062 2549 1
1065 2167 1
1069 1829 1
1069 2129 1
1070 2999 1
1071 2068 1
1073 1971 1
1073 2711 1
1074 1953 1
1075 2722 1
1076 1434 1
1076 2332 1
1076 2501 1
1077 1137 1
1077 2787 1
1077 2991 1
1078 1212 1
1078 1592 1
1078 2138 1
1078 2311 1
1079 2414 1
1079 2536 1
1080 2490 1
1081 1184 1
1081 1312 1
1081 1544 1
1082 2760 1
1083 1207 1
1083 2802 1
1083 2927 1
1084 2809 1
1085 1247 1
1086 2152 1
1086 2344 1
1086 2569 1
1088 1426 1
1088 2039 1
1088 2905 1
1089 1090 1
1090 1841 1
1090 2237 1
1092 1220 1
1092 1266 1
1092 1882 1
1092 2083 1
1092 2185 1
1092 2325 1
1093 2304 1
1094 2046 1
1094 2966 1
1096 1190 1
1096 1263 1
1096 1663 1
1096 2354 1
1096 2876 1
1097 1183 1
1097 1390 1
1097 2280 1
1097 2424 1
1097 2451 1
1097 2923 1
1098 2070 1
1099 1259 1
1099 2553 1
1100 1336 1
1100 1386 1
1100 1448 1
1101 2547 1
1101 2931 1
1102 1283 1
1102 1867 1
1103 2333 1
1103 2373 1
1103 2520 1
1103 2917 1
1104 1672 1
1104 2030 1
1104 2250 1
1105 1332 1
1107 1181 1
1107 1564 1
1107 1955 1
1107 2388 1
1107 2873 1
1108 1535 1
1109 1251 1
1109 1857 1
1109 2637 1
1109 2881 1
1112 1342 1
1113 2932 1
1114 1750 1
1115 1270 1
1115 1444 1
1115 2081 1
1116 2706 1
1116 2950 1
1117 1813 1
1117 1950 1
1117 2425 1
1117 2816 1
1118 1680 1
1118 1843 1
1119 2256 1
1120 1465 1
1120 1811 1
1120 2093 1
1120 2786 1
1120 2863 1
1121 2027 1
1121 2055 1
1121 2058 1
1121 2612 1
1121 2701 1
1123 1168 1
1123 1491 1
1123 1593 1
1123 1647 1
1123 1743 1
1126 1641 1
1126 2324 1
1126 2996 1
1128 2346 1
1129 1961 1
1130 1413 1
1130 1555 1
1130 1641 1
1131 1964 1
1131 2749 1
1132 1619 1
1132 1776 1
1132 2029 1
1133 1319 1
1134 2347 1
1137 1880 1
1137 1948 1
1137 2516 1
1138 2172 1
1138 2714 1
1138 2783 1
1139 2102 1
1139 2149 1
1140 1359 1
1141 2409 1
1142 1778 1
1142 2135 1
1143 1320 1
1143 2266 1
1143 2737 1
1144 1756 1
1144 2207 1
1145 2716 1
1148 1357 1
1148 1455 1
1148 1456 1
1148 1521 1
1148 2035 1
1148 2116 1
1148 2592 1
1150 1174 1
1150 1223 1
1150 1833 1
1150 1861 1
1150 2429 1
1150 2677 1
1150 2756 1
1152 1622 1
1152 2145 1
1152 2262 1
1153 2625 1
1154 1510 1
1155 1710 1
1155 1802 1
1155 1876 1
1155 2521 1
1156 1228 1
1156 1746 1
1157 1613 1
1158 1668 1
1158 2560 1
1159 1350 1
1159 1389 1
1159 1873 1
1159 2112 1
1159 2190 1
1159 2447 1
1160 1170 1
1160 1522 1
1160 2241 1
1160 2610 1
1161 1695 1
1161 1798 1
1161 1889 1
1161 2474 1
1161 2573 1
1161 2711 1
1162 1411 1
1162 1650 1
1164 2128 1
1164 2601 1
1165 1501 1
1165 2176 1
1165 2299 1
1165 2593 1
1166 1293 1
1168 1481 1
1168 2624 1
1169 2172 1
1169 2991 1
1170 1490 1
1170 1709 1
1170 2285 1
1171 2186 1
1172 1875 1
1172 2459 1
1173 2928 1
1174 1421 1
1174 2859 1
1176 1199 1
1177 1870 1
1178 1432 1
1178 1982 1
1179 1549 1
1179 2644 1
1180 2253 1
1181 1481 1
1181 1487 1
1181 1928 1
1181 2748 1
1182 1296 1
1182 1374 1
1182 1636 1
1183 1792 1
1183 2156 1
1183 2211 1
1183 2415 1
1184 1483 1
1184 2840 1
1185 1698 1
1185 2208 1
1185 2591 1
1185 2679 1
1186 1458 1
1186 2180 1
1188 1190 1
1188 1649 1
1189 1254 1
1189 1707 1
1189 1854 1
1190 1206 1
1190 2417 1
1191 2337 1
1191 2692 1
1192 2994 1
1193 1290 1
1193 1511 1
1193 2463 1
1194 2033 1
1194 2823 1
1195 1388 1
1195 1470 1
1195 2266 1
1197 1586 1
1198 2302 1
1198 2809 1
1199 2526 1
1200 1407 1
1200 1445 1
1200 1669 1
1200 1692 1
1200 2027 1
1200 2298 1
1200 2341 1
1201 1261 1
1202 1436 1
1202 1837 1
1203 1850 1
1203 2240 1
1205 1868 1
1206 1405 1
1206 2935 1
1208 1242 1
1208 2063 1
1210 1507 1
1211 1245 1
1211 1560 1
1211 2285 1
1211 2744 1
1212 1454 1
1212 2288 1
1213 1768 1
1213 2964 1
1216 1222 1
1216 1380 1
1216 1472 1
1216 1766 1
1217 2407 1
1218 2005 1
1220 1553 1
1220 2980 1
1221 1371 1
1222 2387 1
1222 2451 1
1222 2929 1
1225 1573 1
1226 2871 1
1227 1795 1
1229 1264 1
1229 1816 1
1229 2373 1
1229 2647 1
1231 1578 1
1231 2655 1
1234 1518 1
1234 1652 1
1234 1712 1
1236 1862 1
1236 2791 1
1238 2739 1
1240 1380 1
1240 1736 1
1240 2020 1
1240 2339 1
1241 1425 1
1241 1550 1
1242 1610 1
1242 1697 1
1242 1790 1
1242 1804 1
1244 1296 1
1244 1482 1
1245 2478 1
1247 1278 1
1247 1364 1
1250 1911 1
1251 2242 1
1253 2859 1
1254 2549 1
1255 2729 1
1257 2278 1
1259 1411 1
1259 1479 1
1259 1584 1
1261 1859 1
1262 2133 1
1262 2134 1
1262 2617 1
1263 1614 1
1263 1988 1
1267 2855 1
1268 1346 1
1268 2657 1
1269 1474 1
1269 2813 1
1270 2860 1
1270 2888 1
1272 2353 1
1273 2072 1
1274 1623 1
1274 1786 1
1274 2945 1
1275 1347 1
1276 1548 1
1276 1717 1
1278 1297 1
1278 1924 1
1278 2208 1
1280 1452 1
1280 1937 1
1280 2713 1
1280 2742 1
1281 2098 1
1284 2196 1
1285 1929 1
1285 2115 1
1285 2118 1
1285 2319 1
1286 1293 1
1286 1455 1
1286 1659 1
1288 2371 1
1289 1663 1
1289 2271 1
1289 2540 1
1290 2228 1
1291 1749 1
1292 2276 1
1293 1635 1
1293 1723 1
1293 2449 1
1296 1498 1
1296 2581 1
1297 2023 1
1298 1646 1
1298 1727 1
1299 2236 1
1299 2937 1
1300 1399 1
1300 1709 1
1300 2871 1
1301 2467 1
1301 2957 1
1302 1308 1
1302 2923 1
1304 2023 1
1304 2627 1
1305 1589 1
1305 1662 1
1305 1733 1
1305 2722 1
1307 2430 1
1312 2100 1
1312 2321 1
1314 1474 1
1314 1729 1
1314 2062 1
1314 2528 1
1314 2622 1
1314 2858 1
1315 2389 1
1315 2531 1
1316 2006 1
1319 1614 1
1319 2694 1
1322 1454 1
1322 1683 1
1322 1713 1
1322 1730 1
1322 1791 1
1322 2245 1
1324 1393 1
1325 1334 1
1325 2136 1
1325 2915 1
1325 2930 1
1326 2075 1
1326 2149 1
1326 2552 1
1327 2201 1
1328 1539 1
1328 1724 1
1328 2043 1
1329 2097 1
1330 2941 1
1331 1360 1
1331 1919 1
1331 1981 1
1332 1684 1
1334 1755 1
1334 2397 1
1336 1390 1
1336 2399 1
1338 1473 1
1338 1860 1
1338 2431 1
1338 2919 1
1339 1726 1
1341 2868 1
1342 2422 1
1342 2743 1
1342 2753 1
1347 1915 1
1348 2707 1
1348 2819 1
1349 1493 1
1349 1746 1
1349 2090 1
1351 2259 1
1351 2754 1
1351 2758 1
1351 2834 1
1352 1454 1
1352 1502 1
1352 2542 1
1352 2557 1
1352 2735 1
1352 2903 1
1352 2998 1
1353 2329 1
1354 1935 1
1354 2260 1
1355 1449 1
1355 1677 1
1355 1812 1
1355 2641 1
1357 2167 1
1358 1951 1
1361 1494 1
1362 2429 1
1364 1543 1
1364 2489 1
1364 2533 1
1365 2845 1
1366 1528 1
1366 1837 1
1366 1953 1
1366 2527 1
1366 2591 1
1366 2803 1
1368 2555 1
1369 1865 1
1369 1900 1
1370 2500 1
1371 1648 1
1372 1656 1
1372 1666 1
1372 2427 1
1373 1897 1
1373 2989 1
1374 2077 1
1375 2205 1
1376 1414 1
1377 2086 1
1378 1805 1
1378 2244 1
1379 2247 1
1379 2836 1
1380 2075 1
1380 2814 1
1383 2705 1
1384 1422 1
1384 2233 1
1385 1748 1
1385 2171 1
1387 1782 1
1388 1421 1
1390 1564 1
1392 1949 1
1392 2529 1
1393 1523 1
1393 1592 1
1393 1711 1
1393 2270 1
1394 1757 1
1396 1409 1
1396 2385 1
1397 1899 1
1398 1598 1
1401 1437 1
1401 2141 1
1401 2499 1
1403 1718 1
1403 2467 1
1404 2084 1
1405 2634 1
1408 1457 1
1408 1595 1
1408 1772 1
1408 2792 1
1409 2852 1
1411 1798 1
1411 2179 1
1413 1776 1
1415 2651 1
1416 1500 1
1416 1737 1
1416 2450 1
1417 1516 1
1417 2408 1
1417 2884 1
1419 1485 1
1419 1745 1
1419 1989 1
1419 2276 1
1419 2579 1
1420 1531 1
1420 1923 1
1422 1676 1
1422 2464 1
1423 1446 1
1423 2230 1
1423 2620 1
1424 1891 1
1425 1522 1
1425 2329 1
1425 2446 1
1427 2086 1
1427 2135 1
1427 2970 1
1428 1588 1
1428 1765 1
1432 2791 1
1433 1515 1
1435 1669 1
1437 1972 1
1439 1925 1
1439 2102 1
1439 2246 1
1439 2292 1
1440 1444 1
1440 1508 1
1440 2321 1
1440 2587 1
1444 2252 1
1444 2445 1
1444 2519 1
1445 2544 1
1446 2987 1
1447 2971 1
1448 1545 1
1450 2369 1
1450 2684 1
1451 1759 1
1452 2495 1
1453 1460 1
1453 1673 1
1453 1831 1
1453 2136 1
1453 2616 1
1454 1603 1
1454 1929 1
1456 2971 1
1458 2896 1
1459 1945 1
1459 1993 1
1463 2295 1
1464 1779 1
1464 1902 1
1465 1836 1
1465 2635 1
1466 1660 1
1466 2985 1
1467 1813 1
1469 2030 1
1469 2070 1
1469 2802 1
1471 1983 1
1471 2114 1
1472 1663 1
1472 1908 1
1472 2958 1
1473 1674 1
1473 2939 1
1478 1792 1
1478 2352 1
1478 2606 1
1479 1497 1
1479 1577 1
1479 2362 1
1480 2634 1
1481 2975 1
1482 1948 1
1482 2539 1
1482 2824 1
1484 1625 1
1484 2974 1
1485 2674 1
1486 1890 1
1487 1818 1
1487 2725 1
1489 1493 1
1489 2293 1
1490 1888 1
1490 2894 1
1491 1641 1
1491 1670 1
1491 2893 1
1492 1667 1
1493 2042 1
1493 2355 1
1494 2513 1
1494 2912 1
1497 1670 1
1497 1875 1
1498 2517 1
1500 2337 1
1501 1930 1
1501 2653 1
1503 2967 1
1504 1679 1
1504 1844 1
1504 2045 1
1504 2846 1
1505 2691 1
1506 2309 1
1508 1530 1
1508 1689 1
1508 1714 1
1509 2514 1
1510 1785 1
1512 1582 1
1512 1810 1
1513 2207 1
1517 2450 1
1518 2423 1
1520 1747 1
1521 2652 1
1523 1819 1
1523 1839 1
1523 2382 1
1523 2679 1
1523 2911 1
1524 1870 1
1526 1925 1
1526 2139 1
1526 2693 1
1527 1924 1
1528 1792 1
1528 1887 1
1528 2583 1
1529 1887 1
1532 2526 1
1532 2722 1
1535 2028 1
1536 1680 1
1538 1557 1
1538 1781 1
1538 2126 1
1538 2245 1
1538 2385 1
1542 1644 1
1542 2375 1
1543 1717 1
1543 1941 1
1543 2635 1
1544 2454 1
1545 2471 1
1546 1603 1
1546 2604 1
1546 2917 1
1547 1624 1
1549 1580 1
1550 1604 1
1550 1855 1
1550 2659 1
1550 2779 1
1552 1643 1
1554 2018 1
1554 2960 1
1555 2646 1
1555 2854 1
1556 2197 1
1556 2507 1
1557 2606 1
1558 2195 1
1559 2014 1
1559 2843 1
1559 2959 1
1561 1930 1
1561 2721 1
1563 2001 1
1565 2608 1
1565 2868 1
1567 1608 1
1567 2199 1
1567 2455 1
1567 2716 1
1568 1677 1
1568 1758 1
1569 1876 1
1569 2946 1
1573 2909 1
1574 1961 1
1575 2810 1
1577 2041 1
1580 2245 1
1580 2282 1
1580 2305 1
1580 2612 1
1580 2673 1
1581 2794 1
1584 2695 1
1585 1642 1
1585 2380 1
1586 1668 1
1586 2220 1
1586 2492 1
1586 2654 1
1586 2889 1
1587 2562 1
1588 2592 1
1590 2056 1
1590 2387 1
1590 2987 1
1591 2949 1
1592 1671 1
1592 1971 1
1592 2028 1
1592 2982 1
1593 1678 1
1593 1699 1
1593 2210 1
1595 1605 1
1595 2505 1
1597 2296 1
1597 2895 1
1598 1886 1
1598 2046 1
1598 2297 1
1600 1784 1
1602 1893 1
1602 2303 1
1604 2332 1
1604 2781 1
1604 2832 1
1604 2839 1
1605 1763 1
1605 1821 1
1605 2507 1
1606 1615 1
1606 2226 1
1607 2968 1
1608 2063 1
1609 2054 1
1609 2579 1
1609 2592 1
1616 1815 1
1617 1972 1
1617 2216 1
1619 1995 1
1619 2162 1
1619 2263 1
1619 2898 1
1619 2989 1
1621 1675 1
1621 2822 1
1622 2182 1
1623 2275 1
1623 2663 1
1624 2310 1
1624 2656 1
1627 2007 1
1627 2563 1
1628 2406 1
1630 1715 1
1630 1809 1
1633 1754 1
1635 2508 1
1638 2804 1
1639 2274 1
1639 2370 1
1643 1834 1
1643 2990 1
1644 1807 1
1645 2097 1
1645 2479 1
1647 2467 1
1649 2974 1
1650 2317 1
1657 1739 1
1657 2035 1
1657 2307 1
1658 2436 1
1661 2050 1
1661 2900 1
1664 1900 1
1666 1761 1
1666 2009 1
1666 2393 1
1666 2688 1
1670 1978 1
1673 2217 1
1674 1863 1
1675 2259 1
1676 2165 1
1676 2405 1
1676 2829 1
1680 1833 1
1680 2154 1
1680 2314 1
1680 2777 1
1681 2037 1
1681 2364 1
1681 2492 1
1682 2067 1
1682 2743 1
1685 1881 1
1685 2864 1
1687 1762 1
1689 2610 1
1694 2367 1
1697 2017 1
1699 2503 1
1700 1863 1
1700 1950 1
1700 2102 1
1700 2923 1
1701 2256 1
1701 2872 1
1704 2474 1
1706 1759 1
1706 2123 1
1706 2165 1
1706 2877 1
1706 2928 1
1708 2720 1
1709 2051 1
1710 2436 1
1713 2223 1
1714 2114 1
1715 2094 1
1715 2213 1
1715 2905 1
1716 1861 1
1718 2316 1
1719 2914 1
1722 2798 1
1724 2838 1
1725 1990 1
1725 2025 1
1725 2777 1
1725 2835 1
1726 2668 1
1728 2036 1
1729 1734 1
1729 2318 1
1729 2360 1
1729 2871 1
1730 1854 1
1731 2930 1
1734 2531 1
1736 1847 1
1738 1872 1
1738 2352 1
1739 1771 1
1739 2856 1
1741 1747 1
1743 2016 1
1744 2269 1
1746 2916 1
1748 1990 1
1750 2538 1
1750 2869 1
1751 2530 1
1753 1991 1
1754 2155 1
1755 2220 1
1755 2246 1
1757 1814 1
1757 2122 1
1757 2503 1
1757 2832 1
1758 2572 1
1759 1949 1
1762 2652 1
1762 2822 1
1763 1978 1
1763 2232 1
1763 2548 1
1763 2650 1
1765 2077 1
1766 2561 1
1767 2813 1
1768 2660 1
1769 1807 1
1770 1816 1
1770 2731 1
1771 1823 1
1771 1861 1
1771 2350 1
1771 2507 1
1772 2342 1
1774 2586 1
1774 2988 1
1775 1889 1
1775 1985 1
1775 2361 1
1777 2789 1
1779 2805 1
1780 2200 1
1781 2148 1
1782 2195 1
1782 2493 1
1782 2542 1
1784 2311 1
1786 1793 1
1791 2648 1
1793 2549 1
1796 2501 1
1797 2207 1
1798 2418 1
1799 2101 1
1799 2624 1
1803 1823 1
1803 2485 1
1803 2535 1
1803 2993 1
1804 2385 1
1805 1853 1
1806 1958 1
1806 2377 1
1806 2480 1
1806 2767 1
1808 2018 1
1808 2700 1
1809 2238 1
1812 1925 1
1813 2038 1
1814 2331 1
1817 2029 1
1817 2629 1
1819 2451 1
1822 2235 1
1822 2670 1
1823 2800 1
1824 2774 1
1825 2539 1
1825 2833 1
1826 1851 1
1827 1883 1
1827 1899 1
1828 2323 1
1829 2564 1
1830 2035 1
1832 2237 1
1833 2258 1
1834 2073 1
1835 2249 1
1835 2267 1
1835 2692 1
1836 2395 1
1838 2338 1
1838 2942 1
1839 2989 1
1840 1850 1
1840 2511 1
1841 2986 1
1842 2616 1
1842 2763 1
1844 1921 1
1846 2092 1
1846 2198 1
1847 1865 1
1852 2494 1
1852 2917 1
1852 2966 1
1854 2100 1
1855 2355 1
1855 2765 1
1863 2465 1
1864 2263 1
1864 2568 1
1867 2249 1
1868 1916 1
1868 2299 1
1869 2053 1
1872 2707 1
1873 2009 1
1873 2506 1
1873 2929 1
1874 2349 1
1875 2668 1
1876 2992 1
1878 2818 1
1879 2541 1
1882 2131 1
1882 2137 1
1884 2066 1
1884 2867 1
1885 2547 1
1885 2940 1
1886 2298 1
1887 2752 1
1891 2008 1
1892 1923 1
1892 2600 1
1894 1987 1
1894 2667 1
1894 2727 1
1896 2224 1
1897 2170 1
1899 2575 1
1901 2388 1
1901 2948 1
1902 2970 1
1904 2977 1
1905 2627 1
1908 2127 1
1908 2183 1
1909 2933 1
1910 2389 1
1911 1922 1
1911 2143 1
1911 2602 1
1913 2057 1
1913 2152 1
1913 2607 1
1916 2561 1
1918 2268 1
1921 2670 1
1922 2583 1
1925 2676 1
1926 1970 1
1927 2419 1
1927 2907 1
1927 2948 1
1930 2052 1
1930 2714 1
1930 2734 1
1931 2982 1
1932 2633 1
1932 2728 1
1935 2878 1
1936 2251 1
1939 2308 1
1940 2341 1
1942 2884 1
1942 2921 1
1943 2554 1
1948 2084 1
1952 1997 1
1953 2020 1
1953 2324 1
1953 2969 1
1954 2886 1
1955 2562 1
1958 2060 1
1959 2134 1
1959 2851 1
1961 2705 1
1965 2370 1
1967 2832 1
1972 2668 1
1974 2289 1
1977 2388 1
1978 2116 1
1982 2687 1
1986 2632 1
1986 2998 1
1990 2443 1
1993 2874 1
1995 2446 1
1995 2516 1
1995 2899 1
1997 2177 1
1997 2806 1
1998 2764 1
1998 2853 1
1999 2597 1
2000 2384 1
2000 2952 1
2006 2395 1
2011 2013 1
2011 2116 1
2014 2919 1
2016 2174 1
2016 2728 1
2022 2047 1
2022 2540 1
2023 2905 1
2025 2158 1
2025 2469 1
2026 2216 1
2027 2372 1
2028 2227 1
2028 2315 1
2030 2364 1
2031 2649 1
2033 2164 1
2033 2938 1
2034 2090 1
2034 2108 1
2037 2648 1
2038 2466 1
2039 2058 1
2039 2075 1
2039 2133 1
2039 2880 1
2046 2271 1
2048 2131 1
2051 2477 1
2052 2192 1
2052 2823 1
2053 2083 1
2053 2262 1
2056 2543 1
2056 2593 1
2056 2747 1
2056 2826 1
2058 2499 1
2059 2066 1
2059 2099 1
2059 2598 1
2059 2957 1
2060 2082 1
2060 2268 1
2060 2609 1
2061 2488 1
2063 2345 1
2065 2534 1
2066 2282 1
2066 2360 1
2066 2417 1
2066 2694 1
2069 2672 1
2071 2193 1
2072 2555 1
2077 2173 1
2077 2795 1
2079 2382 1
2079 2981 1
2081 2169 1
2083 2209 1
2086 2181 1
2087 2621 1
2088 2751 1
2092 2594 1
2094 2151 1
2095 2146 1
2096 2964 1
2097 2650 1
2098 2278 1
2098 2968 1
2099 2861 1
2100 2925 1
2101 2181 1
2101 3000 1
2103 2440 1
2103 2481 1
2103 2524 1
2104 2597 1
2105 2259 1
2107 2819 1
2107 2967 1
2108 2508 1
2111 2933 1
2115 2870 1
2115 2902 1
2116 2626 1
2116 2845 1
2121 2890 1
2122 2796 1
2123 2235 1
2125 2514 1
2125 2844 1
2127 2363 1
2127 2486 1
2128 2452 1
2129 2888 1
2129 2973 1
2133 2697 1
2135 2732 1
2135 2785 1
2136 2146 1
2141 2946 1
2142 2622 1
2144 2675 1
2146 2231 1
2151 2614 1
2152 2232 1
2152 2653 1
2152 2968 1
2155 2820 1
2155 2925 1
2156 2392 1
2157 2254 1
2158 2726 1
2163 2307 1
2166 2423 1
2170 2340 1
2170 2926 1
2178 2231 1
2178 2698 1
2180 2981 1
2185 2208 1
2185 2304 1
2187 2188 1
2187 2875 1
2188 2757 1
2192 2872 1
2193 2625 1
2193 2770 1
2199 2418 1
2200 2791 1
2202 2522 1
2205 2684 1
2206 2291 1
2206 2689 1
2209 2402 1
2210 2882 1
2211 2843 1
2214 2984 1
2217 2349 1
2221 2755 1
2222 2574 1
2230 2825 1
2235 2906 1
2235 2910 1
2238 2454 1
2244 2700 1
2246 2768 1
2249 2335 1
2251 2624 1
2252 2298 1
2252 2739 1
2253 2318 1
2253 2703 1
2253 2792 1
2254 2262 1
2254 2374 1
2254 2727 1
2254 2951 1
2255 2608 1
2258 2443 1
2258 2703 1
2265 2609 1
2272 2630 1
2273 2761 1
2274 2435 1
2275 2428 1
2276 2835 1
2278 2726 1
2285 2669 1
2287 2706 1
2292 2532 1
2293 2947 1
2295 2595 1
2302 2442 1
2306 2465 1
2310 2519 1
2311 2801 1
2327 2895 1
2330 2805 1
2337 2563 1
2342 2613 1
2342 2734 1
2345 2368 1
2346 2580 1
2346 2587 1
2352 2857 1
2353 2665 1
2356 2357 1
2357 2489 1
2358 2504 1
2361 2578 1
2364 2753 1
2365 2836 1
2367 2733 1
2368 2502 1
2369 2559 1
2369 2771 1
2374 2656 1
2376 2699 1
2378 2876 1
2379 2934 1
2380 2518 1
2383 2458 1
2384 2434 1
2386 2939 1
2387 2479 1
2387 2758 1
2387 2812 1
2388 2936 1
2389 2596 1
2390 2551 1
2399 2901 1
2411 2630 1
2414 2576 1
2416 2830 1
2416 2954 1
2417 2586 1
2418 2515 1
2425 2821 1
2427 2543 1
2427 2602 1
2428 2690 1
2429 2772 1
2430 2690 1
2430 2878 1
2434 2760 1
2435 2863 1
2439 2688 1
2441 2489 1
2446 2485 1
2451 2946 1
2460 2926 1
2462 2520 1
2465 2980 1
2468 2984 1
2479 2969 1
2482 2548 1
2490 2715 1
2495 2611 1
2495 2751 1
2498 2532 1
2498 2995 1
2505 2664 1
2508 2856 1
2509 2524 1
2512 2875 1
2516 2862 1
2519 2717 1
2524 2921 1
2536 2744 1
2536 2763 1
2540 2828 1
2544 2699 1
2545 2556 1
2548 2797 1
2548 2936 1
2548 2945 1
2549 2645 1
2549 2647 1
2555 2940 1
2563 2741 1
2570 2944 1
2575 2868 1
2579 2719 1
2579 2848 1
2583 2587 1
2584 2780 1
2589 2831 1
2602 2750 1
2602 2840 1
2608 2707 1
2609 2870 1
2611 2894 1
2613 2766 1
2615 2641 1
2622 2886 1
2626 2918 1
2650 2904 1
2660 2710 1
2664 2701 1
2666 2807 1
2679 2966 1
2697 2898 1
2701 2719 1
2701 2999 1
2704 2800 1
2714 2806 1
2719 2861 1
2720 2752 1
2727 2997 1
2730 2775 1
2735 2833 1
2736 2819 1
2753 2918 1
2763 2766 1
2768 2985 1
2777 2993 1
2782 2852 1
2794 2867 1
2802 2914 1
2804 2990 1
2826 2953 1
2833 2836 1
2835 2861 1
2836 2884 1
2844 2965 1
2854 2938 1
2858 2958 1
2865 2874 1
2865 2880 1
2886 2965 1
2891 2920 1
2891 2924 1
2970 2973 1
