1
4
11
13
16
19
32
37
42
55
58
62
74
76
78
89
101
109
110
112
114
121
125
129
131
133
136
138
149
151
160
163
166
171
176
180
183
187
189
190
195
203
208
215
216
221
223
226
229
230
233
238
239
240
252
262
263
265
277
282
288
290
297
298
300
301
302
305
307
313
315
316
317
319
322
326
333
336
338
341
347
349
355
359
362
363
364
368
369
370
371
372
377
383
389
391
393
398
400
401
436
440
446
448
449
453
457
458
459
460
461
463
468
486
492
497
499
503
504
505
506
511
516
519
520
524
526
531
541
546
551
557
558
560
562
568
569
571
574
579
583
601
609
610
611
618
619
623
630
633
636
642
647
648
673
674
676
680
681
682
688
690
691
692
702
711
718
727
728
736
738
740
743
747
756
764
765
766
768
769
776
781
786
792
797
800
802
807
813
817
820
828
832
833
841
844
845
847
849
850
852
854
865
869
872
884
902
906
914
920
924
926
933
934
935
937
938
941
946
951
955
957
959
960
965
967
970
971
972
975
976
977
979
982
983
988
992
997
1005
1006
1008
1011
1013
1015
1022
1031
1033
1039
1041
1049
1052
1053
1060
1062
1067
1073
1076
1081
1085
1087
1088
1091
1093
1103
1107
1110
1115
1119
1122
1126
1130
1132
1136
1138
1139
1141
1144
1147
1151
1152
1157
1159
1163
1166
1176
1192
1194
1195
1201
1204
1206
1208
1210
1212
1213
1214
1215
1229
1230
1233
1234
1236
1238
1241
1244
1246
1248
1249
1253
1254
1257
1262
1267
1271
1274
1277
1279
1286
1298
1299
1301
1304
1306
1314
1322
1327
1337
1338
1339
1345
1348
1353
1354
1355
1357
1358
1359
1360
1362
1365
1366
1370
1373
1377
1386
1387
1388
1392
1395
1397
1400
1401
1402
1403
1406
1408
1410
1411
1421
1424
1426
1436
1437
1439
1440
1444
1452
1454
1455
1457
1462
1469
1474
1481
1482
1485
1499
1503
1507
1509
1513
1515
1518
1527
1528
1529
1531
1532
1548
1549
1552
1557
1559
1562
1566
1568
1571
1583
1589
1596
1600
1601
1602
1612
1614
1618
1625
1632
1640
1646
1647
1650
1652
1655
1658
1665
1667
1668
1686
1690
1695
1698
1706
1707
1709
1710
1711
1714
1717
1719
1727
1729
1730
1735
1740
1741
1743
1744
1748
1749
1750
1752
1755
1756
1759
1762
1765
1777
1779
1783
1784
1785
1790
1793
1794
1795
1796
1800
1801
1805
1806
1812
1813
1821
1824
1826
1827
1835
1838
1840
1847
1854
1855
1856
1861
1863
1866
1868
1870
1875
1881
1884
1886
1889
1890
1891
1894
1898
1901
1902
1903
1904
1908
1913
1919
1923
1925
1928
1932
1937
1941
1942
1943
1945
1952
1953
1956
1959
1960
1961
1964
1970
1973
1978
1979
1981
1983
1991
