3
5
6
7
9
10
12
15
23
27
30
31
33
35
40
41
44
52
53
61
68
73
75
81
96
98
99
103
116
118
119
120
127
128
139
144
150
153
159
161
165
168
169
172
173
177
178
199
201
206
207
209
212
213
220
222
224
228
231
234
236
241
243
245
250
251
256
257
258
260
261
267
268
270
271
272
274
280
284
296
299
303
308
312
318
320
321
329
335
337
344
354
356
357
360
366
373
375
382
387
395
397
403
408
409
413
414
416
419
422
426
429
430
432
441
450
451
452
455
456
462
464
465
466
470
471
479
481
482
483
485
488
491
493
496
508
512
513
515
527
528
529
534
542
553
554
570
573
576
580
582
588
597
598
603
606
607
612
615
625
634
635
640
641
643
644
646
652
654
656
657
661
663
664
666
669
670
671
675
679
684
686
693
697
706
708
710
712
713
717
719
721
724
725
729
730
731
733
742
744
751
754
755
758
759
770
771
773
777
783
784
788
790
795
799
801
806
812
814
815
818
827
829
830
842
843
855
857
859
860
863
867
870
875
876
882
886
889
892
896
903
904
912
918
929
931
940
943
945
948
952
961
966
968
969
985
987
991
993
998
1001
1010
1014
1019
1021
1034
1035
1040
1043
1051
1054
1066
1071
1079
1082
1084
1095
1097
1099
1101
1102
1108
1114
1118
1120
1124
1125
1128
1129
1140
1143
1145
1148
1160
1170
1175
1178
1183
1189
1196
1203
1205
1209
1217
1222
1225
1227
1245
1247
1261
1265
1270
1272
1275
1280
1289
1297
1308
1309
1310
1318
1319
1320
1321
1324
1326
1328
1333
1335
1336
1347
1351
1361
1363
1369
1372
1378
1382
1383
1385
1389
1407
1409
1413
1418
1427
1434
1435
1441
1446
1451
1460
1467
1470
1475
1488
1490
1491
1496
1497
1501
1504
1505
1506
1510
1519
1520
1521
1524
1534
1536
1539
1563
1565
1570
1577
1580
1581
1592
1594
1598
1603
1605
1608
1611
1621
1623
1624
1633
1643
1645
1649
1651
1653
1656
1660
1661
1663
1674
1675
1680
1708
1716
1723
1726
1734
1742
1745
1747
1754
1761
1768
1775
1778
1781
1782
1792
1797
1798
1799
1803
1808
1811
1814
1815
1823
1825
1832
1834
1837
1839
1841
1842
1843
1844
1857
1864
1865
1867
1871
1873
1882
1887
1906
1910
1912
1915
1916
1918
1920
1921
1924
1940
1944
1950
1955
1958
1962
1963
1967
1975
1980
1986
1988
1989
1990
1997
2008
2009
2010
2011
2012
2013
2014
2015
2016
2017
2018
2019
2020
2021
2022
2023
2024
2025
2026
2027
2028
2029
2030
2031
2032
2033
2034
2035
2036
2037
2038
2039
2040
2041
2042
2043
2044
2045
2046
2047
2048
2049
2050
2051
2052
2053
2054
2055
2056
2057
2058
