8
18
20
22
24
25
26
28
34
36
38
39
46
47
48
54
56
60
64
71
72
79
80
83
84
85
87
91
93
94
95
100
102
108
111
113
117
123
124
126
130
135
140
141
142
143
145
146
148
152
154
156
164
175
182
186
191
192
194
196
197
198
200
211
214
218
225
227
232
235
242
244
247
249
253
254
259
266
275
279
287
289
291
293
294
304
306
309
323
331
339
346
350
351
352
374
378
380
385
388
390
394
396
412
418
420
423
425
427
434
439
442
444
447
454
467
469
472
473
475
484
494
500
501
507
521
525
530
532
533
537
543
545
547
548
549
550
552
555
556
559
561
572
575
577
578
581
586
591
595
602
605
613
616
620
624
626
627
628
632
645
650
651
655
658
677
685
694
695
696
700
703
705
707
709
715
716
732
735
737
745
748
752
753
761
763
767
778
779
780
785
789
791
793
794
796
798
803
804
808
810
825
826
834
837
839
853
861
862
864
873
874
877
880
881
883
885
887
888
891
893
894
897
899
907
916
917
921
922
930
932
947
949
953
954
956
980
981
984
989
990
999
1000
1002
1004
1007
1018
1020
1024
1025
1026
1027
1029
1030
1045
1047
1048
1055
1056
1064
1065
1070
1072
1075
1077
1078
1080
1083
1086
1090
1092
1094
1096
1104
1106
1109
1111
1113
1116
1117
1121
1123
1127
1133
1146
1153
1155
1156
1158
1161
1162
1164
1165
1168
1171
1174
1180
1181
1184
1185
1197
1198
1202
1218
1220
1223
1228
1232
1235
1237
1239
1242
1243
1250
1251
1252
1256
1263
1278
1283
1284
1285
1287
1288
1290
1292
1293
1294
1295
1323
1325
1329
1340
1341
1342
1343
1346
1371
1374
1375
1376
1380
1390
1393
1398
1399
1412
1414
1415
1416
1422
1428
1429
1432
1438
1448
1449
1450
1453
1456
1459
1461
1465
1466
1468
1471
1473
1478
1480
1486
1487
1492
1502
1508
1516
1517
1522
1525
1533
1538
1540
1541
1542
1544
1545
1547
1550
1558
1567
1572
1575
1578
1584
1585
1586
1587
1590
1599
1604
1607
1609
1613
1615
1616
1617
1619
1622
1626
1629
1631
1634
1635
1636
1637
1638
1648
1654
1666
1669
1670
1676
1678
1681
1682
1683
1684
1688
1689
1691
1694
1696
1700
1701
1702
1703
1712
1713
1715
1718
1720
1721
1722
1725
1728
1733
1739
1751
1760
1766
1772
1773
1774
1776
1780
1789
1810
1817
1818
1822
1830
1831
1833
1836
1846
1848
1850
1851
1852
1853
1858
1859
1862
1869
1876
1879
1880
1885
1888
1893
1905
1907
1909
1914
1917
1926
1927
1930
1931
1933
1935
1938
1939
1946
1947
1948
1966
1969
1971
1972
1984
1993
1995
1998
2000
2059
2060
2061
2062
2063
2064
2065
2066
2067
2068
2069
2070
2071
2072
