2
14
17
21
29
43
45
49
50
51
57
59
63
65
66
67
69
70
77
82
86
88
90
92
97
104
105
106
107
115
122
132
134
137
147
155
157
158
162
167
170
174
179
181
184
185
188
193
202
204
205
210
217
219
237
246
248
255
264
269
273
276
278
281
283
285
286
292
295
310
311
314
324
325
327
328
330
332
334
340
342
343
345
348
353
358
361
365
367
376
379
381
384
386
392
399
402
404
405
406
407
410
411
415
417
421
424
428
431
433
435
437
438
443
445
474
476
477
478
480
487
489
490
495
498
502
509
510
514
517
518
522
523
535
536
538
539
540
544
563
564
565
566
567
584
585
587
589
590
592
593
594
596
599
600
604
608
614
617
621
622
629
631
637
638
639
649
653
659
660
662
665
667
668
672
678
683
687
689
698
699
701
704
714
720
722
723
726
734
739
741
746
749
750
757
760
762
772
774
775
782
787
805
809
811
816
819
821
822
823
824
831
835
836
838
840
846
848
851
856
858
866
868
871
878
879
890
895
898
900
901
905
908
909
910
911
913
915
919
923
925
927
928
936
939
942
944
950
958
962
963
964
973
974
978
986
994
995
996
1003
1009
1012
1016
1017
1023
1028
1032
1036
1037
1038
1042
1044
1046
1050
1057
1058
1059
1061
1063
1068
1069
1074
1089
1098
1100
1105
1112
1131
1134
1135
1137
1142
1149
1150
1154
1167
1169
1172
1173
1177
1179
1182
1186
1187
1188
1190
1191
1193
1199
1200
1207
1211
1216
1219
1221
1224
1226
1231
1240
1255
1258
1259
1260
1264
1266
1268
1269
1273
1276
1281
1282
1291
1296
1300
1302
1303
1305
1307
1311
1312
1313
1315
1316
1317
1330
1331
1332
1334
1344
1349
1350
1352
1356
1364
1367
1368
1379
1381
1384
1391
1394
1396
1404
1405
1417
1419
1420
1423
1425
1430
1431
1433
1442
1443
1445
1447
1458
1463
1464
1472
1476
1477
1479
1483
1484
1489
1493
1494
1495
1498
1500
1511
1512
1514
1523
1526
1530
1535
1537
1543
1546
1551
1553
1554
1555
1556
1560
1561
1564
1569
1573
1574
1576
1579
1582
1588
1591
1593
1595
1597
1606
1610
1620
1627
1628
1630
1639
1641
1642
1644
1657
1659
1662
1664
1671
1672
1673
1677
1679
1685
1687
1692
1693
1697
1699
1704
1705
1724
1731
1732
1736
1737
1738
1746
1753
1757
1758
1763
1764
1767
1769
1770
1771
1786
1787
1788
1791
1802
1804
1807
1809
1816
1819
1820
1828
1829
1845
1849
1860
1872
1874
1877
1878
1883
1892
1895
1896
1897
1899
1900
1911
1922
1929
1934
1936
1949
1951
1954
1957
1965
1968
1974
1976
1977
1982
1985
1987
1992
1994
1996
1999
2001
2002
2003
2004
2005
2006
2007
