3
4
6
7
11
13
15
17
25
27
33
37
39
42
49
50
54
60
61
67
68
69
70
80
88
89
91
94
95
97
99
100
103
104
105
111
126
127
130
133
138
140
141
145
151
163
167
168
169
173
175
177
181
185
186
189
191
194
196
203
210
214
224
228
231
233
246
255
256
261
264
266
268
270
271
278
292
297
302
304
309
316
317
325
330
331
338
343
349
353
357
360
364
365
367
368
378
381
383
385
388
392
397
400
403
405
409
413
418
419
422
431
432
433
437
439
442
447
449
451
452
453
456
460
463
467
471
473
474
477
486
491
495
498
500
503
508
519
520
521
523
525
530
534
537
543
546
549
552
557
562
563
570
578
583
587
596
598
603
605
606
609
616
618
620
623
624
627
628
630
639
650
652
654
657
660
668
673
677
678
686
688
690
692
699
703
709
718
721
724
729
733
736
738
749
753
757
763
766
772
773
776
777
780
789
790
792
795
796
800
804
812
813
823
827
829
832
837
841
844
846
851
852
854
860
866
867
886
892
894
895
898
899
905
918
927
928
932
933
936
937
941
943
946
949
954
955
957
959
963
965
970
972
976
982
990
991
995
999
1007
1009
1012
1016
1021
1025
1026
1033
1035
1038
1039
1040
1042
1043
1049
1050
1057
1058
1062
1069
1070
1084
1090
1102
1103
1106
1108
1110
1112
1113
1114
1118
1121
1123
1127
1130
1136
1141
1145
1148
1151
1152
1153
1155
1157
1159
1160
1170
1174
1176
1182
1183
1187
1192
1195
1198
1202
1204
1209
1210
1211
1212
1213
1214
1225
1226
1228
1229
1234
1243
1244
1246
1250
1255
1261
1263
1265
1271
1272
1273
1274
1275
1277
1280
1283
1284
1285
1288
1293
1298
1301
1303
1304
1311
1316
1321
1322
1323
1328
1334
1338
1339
1340
1343
1351
1353
1361
1364
1365
1370
1373
1375
1382
1387
1390
1391
1399
1401
1404
1409
1416
1421
1424
1425
1426
1437
1438
1440
1443
1454
1461
1465
1469
1472
1478
1479
1484
1486
1487
1493
1498
1500
1501
1506
1511
1513
1514
1515
1521
1538
1541
1542
1546
1557
1564
1565
1574
1576
1580
1584
1588
1592
1599
1617
1621
1627
1630
1633
1647
1651
1658
1661
1662
1664
1666
1670
1676
1681
1686
1687
1688
1690
1692
1699
1701
1706
1710
1711
1726
1727
1729
1732
1751
1757
1758
1760
1763
1775
1778
1785
1786
1798
1808
1811
1822
1828
1843
1844
1845
1849
1852
1862
1871
1878
1880
1882
1887
1898
1907
1910
1913
1915
1922
1933
1934
1936
1938
1941
1946
1950
1953
1961
1962
1967
1968
1974
1975
1986
1993
1998
1999
