22
26
29
35
40
51
57
59
63
72
77
81
83
85
93
107
112
116
120
123
134
139
142
149
153
166
170
176
178
184
187
190
193
197
199
202
208
212
220
221
222
225
227
230
241
242
249
251
254
258
260
263
267
273
274
275
279
282
285
286
287
288
290
293
303
308
318
319
322
327
332
336
337
340
347
348
352
354
356
358
363
372
374
380
382
387
390
399
401
402
406
414
416
417
423
425
426
427
428
434
440
444
457
461
465
480
488
489
490
493
502
504
506
511
514
515
516
518
524
527
529
531
539
541
542
551
553
554
558
564
565
566
571
582
588
592
593
594
602
608
617
621
622
626
633
634
635
636
637
638
641
642
643
661
665
666
667
671
681
687
689
694
697
700
702
710
712
714
715
719
727
734
735
743
747
750
752
754
755
756
764
769
770
774
775
782
787
797
798
806
807
809
811
815
816
817
818
819
825
826
830
831
833
835
836
848
849
853
856
858
868
869
878
880
885
888
893
896
900
901
902
903
904
912
917
920
921
922
923
924
934
935
938
940
942
944
950
951
953
958
960
974
978
983
984
986
987
996
1001
1004
1006
1013
1014
1017
1018
1027
1032
1036
1037
1041
1046
1064
1075
1079
1080
1083
1085
1087
1089
1091
1092
1093
1104
1111
1124
1125
1131
1138
1139
1140
1144
1154
1156
1162
1164
1166
1167
1169
1172
1178
1180
1181
1186
1193
1200
1203
1217
1221
1223
1227
1231
1237
1245
1252
1256
1257
1260
1262
1264
1267
1269
1270
1279
1286
1289
1291
1294
1295
1297
1302
1308
1310
1312
1313
1317
1320
1333
1342
1344
1345
1346
1356
1357
1359
1362
1378
1386
1389
1392
1393
1395
1396
1397
1398
1405
1413
1415
1429
1432
1436
1450
1451
1452
1453
1455
1458
1459
1463
1466
1467
1471
1480
1492
1494
1495
1497
1502
1505
1507
1512
1517
1518
1520
1522
1526
1527
1531
1539
1543
1545
1547
1548
1549
1551
1553
1555
1559
1562
1567
1569
1577
1581
1583
1585
1587
1589
1605
1609
1613
1616
1628
1635
1636
1640
1641
1643
1648
1649
1650
1652
1655
1656
1657
1672
1674
1675
1684
1695
1698
1703
1705
1707
1708
1709
1715
1717
1719
1725
1733
1737
1746
1747
1749
1754
1756
1768
1773
1777
1779
1780
1783
1787
1788
1791
1793
1797
1801
1804
1807
1816
1817
1819
1824
1827
1829
1832
1840
1841
1847
1858
1866
1868
1872
1874
1876
1885
1890
1891
1893
1903
1905
1911
1912
1916
1917
1920
1926
1929
1930
1932
1937
1939
1948
1949
1955
1956
1957
1958
1964
1966
1976
1978
1980
1981
1983
1985
1994
1995
1997
2000
