2
5
8
9
12
14
16
20
21
23
28
30
31
34
36
38
41
43
44
46
64
75
79
82
87
92
98
108
110
114
121
122
124
129
131
132
135
147
148
150
155
156
157
158
160
161
162
164
165
172
174
182
183
188
195
200
201
204
207
209
215
216
217
218
219
226
238
239
240
247
257
259
269
277
281
283
284
289
298
305
307
315
321
323
326
328
334
335
344
345
346
355
359
366
369
370
371
376
377
379
384
389
391
394
404
408
410
412
429
430
435
436
438
441
443
446
448
454
459
469
470
472
479
484
485
494
496
501
505
507
512
513
517
522
526
528
538
540
544
545
547
548
555
559
560
568
569
572
575
576
577
579
581
584
585
586
589
590
597
599
607
612
614
619
625
631
640
645
646
647
656
659
663
664
670
672
674
675
679
680
682
683
684
685
691
693
695
698
701
705
713
716
717
720
730
737
740
741
744
745
760
761
785
786
791
799
801
802
803
808
810
824
828
839
840
842
843
845
855
857
859
865
870
871
872
875
876
881
883
914
915
916
925
929
930
939
961
964
966
967
968
969
979
981
989
993
1008
1010
1011
1015
1020
1029
1030
1031
1044
1047
1048
1051
1053
1054
1055
1056
1059
1061
1066
1068
1073
1074
1078
1081
1086
1088
1094
1095
1096
1098
1099
1105
1107
1116
1120
1129
1135
1137
1143
1149
1158
1163
1165
1173
1177
1179
1185
1188
1189
1191
1194
1199
1205
1207
1216
1219
1220
1222
1232
1236
1239
1241
1247
1248
1249
1253
1254
1259
1268
1281
1292
1299
1306
1307
1314
1319
1326
1327
1329
1331
1332
1348
1349
1352
1355
1360
1363
1367
1368
1374
1384
1385
1388
1394
1400
1402
1403
1406
1407
1408
1412
1420
1422
1423
1427
1428
1434
1435
1441
1442
1444
1445
1446
1447
1448
1460
1462
1464
1468
1475
1481
1485
1488
1490
1491
1499
1504
1509
1523
1525
1528
1530
1532
1534
1537
1540
1544
1552
1558
1560
1561
1566
1571
1572
1586
1590
1591
1594
1596
1598
1600
1604
1611
1614
1619
1620
1623
1625
1632
1634
1646
1653
1654
1659
1663
1669
1671
1673
1678
1682
1683
1693
1694
1697
1700
1712
1716
1718
1721
1722
1723
1731
1734
1738
1739
1741
1744
1748
1750
1753
1755
1764
1766
1767
1769
1770
1771
1776
1782
1784
1795
1800
1806
1810
1814
1815
1825
1826
1831
1833
1834
1836
1838
1850
1854
1855
1856
1861
1863
1865
1867
1869
1873
1883
1884
1886
1888
1892
1894
1896
1901
1906
1909
1914
1918
1923
1925
1927
1928
1931
1935
1942
1945
1947
1951
1952
1959
1965
1971
1979
1982
1987
1989
1992
