1
10
18
19
24
32
45
47
48
52
53
55
56
58
62
65
66
71
73
74
76
78
84
86
90
96
101
102
106
109
113
115
117
118
119
125
128
136
137
143
144
146
152
154
159
171
179
180
192
198
205
206
211
213
223
229
232
234
235
236
237
243
244
245
248
250
252
253
262
265
272
276
280
291
294
295
296
299
300
301
306
310
311
312
313
314
320
324
329
333
339
341
342
350
351
361
362
373
375
386
393
395
396
398
407
411
415
420
421
424
445
450
455
458
462
464
466
468
475
476
478
481
482
483
487
492
497
499
509
510
532
533
535
536
550
556
561
567
573
574
580
591
595
600
601
604
610
611
613
615
629
632
644
648
649
651
653
655
658
662
669
676
696
704
706
707
708
711
722
723
725
726
728
731
732
739
742
746
748
751
758
759
762
765
767
768
771
778
779
781
783
784
788
793
794
805
814
820
821
822
834
838
847
850
861
862
863
864
873
874
877
879
882
884
887
889
890
891
897
906
907
908
909
910
911
913
919
926
931
945
947
948
952
956
962
971
973
975
977
980
985
988
992
994
997
998
1000
1002
1003
1005
1019
1022
1023
1024
1028
1034
1045
1052
1060
1063
1065
1067
1071
1072
1076
1077
1082
1097
1100
1101
1109
1115
1117
1119
1122
1126
1128
1132
1133
1134
1142
1146
1147
1150
1161
1168
1171
1175
1184
1190
1196
1197
1201
1206
1208
1215
1218
1224
1230
1233
1235
1238
1240
1242
1251
1258
1266
1276
1278
1282
1287
1290
1296
1300
1305
1309
1315
1318
1324
1325
1330
1335
1336
1337
1341
1347
1350
1354
1358
1366
1369
1371
1372
1376
1377
1379
1380
1381
1383
1410
1411
1414
1417
1418
1419
1430
1431
1433
1439
1449
1456
1457
1470
1473
1474
1476
1477
1482
1483
1489
1496
1503
1508
1510
1516
1519
1524
1529
1533
1535
1536
1550
1554
1556
1563
1568
1570
1573
1575
1578
1579
1582
1593
1595
1597
1601
1602
1603
1606
1607
1608
1610
1612
1615
1618
1622
1624
1626
1629
1631
1637
1638
1639
1642
1644
1645
1660
1665
1667
1668
1677
1679
1680
1685
1689
1691
1696
1702
1704
1713
1714
1720
1724
1728
1730
1735
1736
1740
1742
1743
1745
1752
1759
1761
1762
1765
1772
1774
1781
1789
1790
1792
1794
1796
1799
1802
1803
1805
1809
1812
1813
1818
1820
1821
1823
1830
1835
1837
1839
1842
1846
1848
1851
1853
1857
1859
1860
1864
1870
1875
1877
1879
1881
1889
1895
1897
1899
1900
1902
1904
1908
1919
1921
1924
1940
1943
1944
1954
1960
1963
1969
1970
1972
1973
1977
1984
1988
1990
1991
1996
