6
17
18
20
22
26
31
34
38
40
43
47
48
50
51
55
58
62
63
65
66
67
74
77
78
81
83
84
95
100
112
113
123
125
126
133
137
138
139
153
154
155
157
159
164
166
176
178
180
181
183
188
192
205
206
209
211
213
217
235
237
239
240
244
248
250
252
262
265
266
267
268
271
275
276
290
292
295
297
299
303
306
317
322
323
328
329
336
341
342
346
352
358
359
362
363
366
384
387
393
395
397
403
410
411
420
421
426
436
437
441
450
464
465
466
468
474
478
482
483
484
489
491
494
502
513
518
524
529
532
534
537
541
546
551
552
553
554
555
556
559
567
571
585
587
593
596
598
608
622
628
629
631
634
636
644
645
652
654
655
659
663
669
677
679
681
686
687
689
697
706
714
715
717
725
732
734
735
741
756
766
773
774
776
777
782
783
784
787
788
802
803
814
815
820
821
823
834
838
843
845
847
848
851
864
867
879
881
892
894
897
899
900
907
908
910
912
920
921
924
926
927
934
945
952
953
954
956
961
965
970
971
973
975
977
978
979
981
982
983
984
985
992
997
1004
1005
1014
1015
1023
1024
1027
1036
1043
1056
1060
1063
1071
1072
1074
1083
1087
1094
1098
1100
1104
1114
1116
1117
1121
1122
1128
1133
1135
1139
1142
1143
1145
1149
1150
1155
1160
1161
1162
1167
1171
1180
1183
1184
1190
1193
1196
1204
1206
1208
1209
1211
1213
1221
1227
1231
1232
1236
1240
1243
1244
1249
1252
1264
1266
1274
1276
1278
1279
1285
1286
1291
1293
1296
1298
1305
1308
1315
1317
1318
1325
1334
1337
1342
1344
1349
1350
1352
1355
1358
1361
1362
1376
1379
1381
1384
1386
1388
1389
1395
1397
1398
1400
1402
1413
1431
1434
1442
1443
1445
1448
1455
1459
1461
1463
1471
1476
1477
1480
1485
1488
1489
1490
1501
1505
1517
1519
1524
1533
1535
1543
1546
1549
1555
1556
1567
1568
1571
1573
1575
1577
1580
1582
1586
1587
1593
1597
1599
1604
1610
1613
1615
1616
1621
1622
1623
1629
1631
1632
1634
1635
1637
1640
1645
1649
1653
1658
1663
1665
1667
1668
1677
1684
1685
1687
1690
1691
1693
1696
1697
1698
1701
1705
1707
1709
1715
1716
1720
1725
1728
1736
1737
1742
1743
1747
1748
1749
1765
1766
1769
1772
1782
1784
1788
1789
1794
1796
1797
1799
1802
1804
1809
1817
1818
1820
1822
1828
1829
1835
1837
1838
1841
1845
1847
1856
1862
1865
1868
1871
1874
1877
1881
1884
1885
1890
1895
1903
1908
1913
1923
1932
1954
1958
1961
1964
1969
1971
1973
1975
1978
1980
1981
1984
1994
1995
1999
2010
2011
2012
