2
3
5
7
8
10
12
16
25
27
28
29
30
36
37
41
42
44
52
68
69
70
80
85
87
89
90
91
92
93
104
107
109
111
118
121
132
134
135
140
145
147
148
150
151
156
165
168
169
172
174
177
179
182
185
186
191
194
196
197
199
200
203
204
212
215
219
226
233
241
245
246
247
256
261
263
277
304
309
314
315
325
335
339
344
345
353
357
360
361
365
368
371
378
379
381
382
383
385
388
389
392
394
399
400
404
405
408
413
416
429
447
451
453
458
459
460
463
467
477
485
486
488
490
496
497
498
503
505
508
512
515
517
519
526
531
538
540
543
544
545
548
549
557
560
562
563
564
565
566
568
569
570
576
579
581
584
591
603
605
613
614
620
639
640
642
643
647
651
653
656
661
666
672
673
674
675
678
688
690
691
693
695
699
701
703
707
709
713
721
724
729
738
739
740
747
753
757
760
765
768
780
781
785
791
792
795
799
801
804
810
812
818
826
832
833
837
839
841
846
852
855
857
861
871
875
882
884
885
886
901
906
915
918
925
928
930
932
935
939
942
943
950
960
962
964
972
990
993
995
996
1000
1001
1006
1021
1031
1038
1041
1046
1053
1054
1057
1059
1066
1068
1073
1075
1080
1088
1089
1090
1091
1095
1102
1106
1107
1110
1113
1119
1123
1127
1129
1134
1140
1141
1144
1151
1152
1157
1159
1164
1166
1170
1172
1174
1181
1188
1189
1191
1195
1198
1212
1215
1218
1219
1220
1223
1224
1226
1228
1234
1237
1239
1241
1250
1253
1255
1259
1263
1267
1271
1273
1275
1277
1281
1283
1284
1292
1295
1297
1299
1301
1303
1304
1307
1310
1313
1316
1319
1321
1322
1323
1326
1327
1331
1332
1340
1348
1351
1353
1356
1359
1364
1369
1370
1373
1380
1382
1387
1392
1394
1399
1403
1421
1424
1425
1426
1432
1436
1439
1447
1453
1454
1460
1468
1469
1473
1479
1481
1484
1486
1491
1492
1493
1495
1508
1515
1521
1523
1525
1526
1531
1532
1537
1538
1540
1541
1550
1553
1557
1561
1564
1570
1584
1592
1596
1598
1600
1608
1611
1619
1624
1627
1630
1633
1636
1639
1641
1647
1650
1656
1662
1664
1670
1671
1688
1692
1694
1699
1700
1710
1713
1723
1731
1732
1733
1739
1740
1741
1753
1760
1763
1770
1783
1785
1787
1795
1801
1803
1808
1810
1811
1813
1814
1816
1826
1830
1834
1849
1850
1851
1852
1861
1869
1873
1876
1880
1886
1892
1894
1896
1906
1907
1909
1910
1911
1914
1917
1918
1921
1922
1931
1935
1945
1951
1955
1956
1959
1962
1965
1968
1972
1983
1986
1987
1993
1998
2001
2002
2003
2004
2005
2006
