1
13
15
19
21
24
39
49
53
57
59
61
64
71
72
73
79
94
97
101
102
103
105
114
115
116
117
119
130
131
141
142
146
149
152
167
170
171
173
184
187
189
198
201
202
208
210
216
220
221
222
225
227
229
230
232
236
249
251
253
254
257
259
260
270
272
278
279
281
283
285
287
288
291
296
305
308
313
320
327
331
332
333
334
337
347
348
354
355
356
364
372
373
375
380
390
396
402
406
407
409
414
415
417
418
422
425
427
433
439
440
445
449
454
457
470
475
479
493
495
499
500
506
511
514
520
521
522
523
530
533
535
539
542
573
574
575
580
582
583
588
592
597
599
602
606
607
609
610
615
616
617
618
619
624
626
627
630
635
637
638
646
648
657
658
660
662
671
680
685
696
700
704
711
712
726
727
728
731
733
736
737
742
743
746
751
754
755
758
762
763
764
767
769
770
789
793
794
800
807
811
819
822
830
831
835
842
844
853
854
856
862
868
873
874
876
878
880
887
889
890
891
898
903
905
909
911
916
919
933
940
944
946
949
951
958
959
968
969
974
976
986
988
991
994
998
1003
1007
1009
1012
1013
1018
1026
1028
1029
1032
1034
1037
1042
1044
1048
1051
1052
1058
1064
1065
1067
1069
1077
1079
1082
1086
1097
1118
1124
1125
1126
1130
1131
1132
1136
1138
1146
1148
1154
1156
1158
1163
1165
1168
1169
1175
1176
1182
1186
1192
1194
1200
1201
1202
1205
1207
1210
1214
1217
1225
1233
1235
1245
1248
1251
1254
1256
1272
1280
1282
1287
1289
1294
1300
1302
1309
1314
1324
1328
1330
1335
1336
1341
1343
1345
1347
1354
1357
1372
1375
1383
1385
1391
1393
1401
1404
1405
1406
1407
1408
1411
1414
1415
1417
1418
1419
1423
1429
1430
1437
1440
1446
1449
1450
1451
1452
1456
1466
1467
1474
1482
1483
1494
1496
1497
1498
1503
1507
1510
1511
1512
1516
1520
1522
1527
1529
1539
1542
1545
1547
1548
1551
1558
1563
1572
1576
1578
1579
1581
1583
1595
1602
1603
1607
1609
1612
1626
1628
1643
1652
1655
1657
1660
1661
1666
1674
1675
1679
1682
1689
1695
1704
1706
1708
1714
1717
1719
1721
1727
1730
1735
1745
1756
1758
1759
1761
1762
1773
1774
1775
1778
1779
1780
1781
1786
1790
1792
1793
1800
1819
1821
1824
1825
1827
1831
1832
1840
1842
1843
1844
1846
1848
1853
1858
1859
1870
1872
1875
1878
1879
1882
1887
1888
1891
1893
1898
1899
1900
1901
1902
1904
1919
1924
1926
1929
1930
1933
1936
1937
1938
1941
1944
1947
1949
1950
1952
1957
1960
1966
1967
1976
1977
1985
1989
1990
1996
2000
