4
9
11
14
23
32
33
35
45
46
54
56
60
75
76
82
86
88
96
98
99
106
108
110
120
122
124
127
128
129
136
143
144
158
160
161
162
163
175
190
193
195
207
214
218
223
224
228
231
234
238
242
243
255
258
264
269
273
274
280
282
284
286
289
293
294
298
300
301
302
307
310
311
312
316
318
319
321
324
326
330
338
340
343
349
350
351
367
369
370
374
376
377
386
391
398
401
412
419
423
424
428
430
431
432
434
435
438
442
443
444
446
448
452
455
456
461
462
469
471
472
473
476
480
481
487
492
501
504
507
509
510
516
525
527
528
536
547
550
558
561
572
577
578
586
589
590
594
595
600
601
604
611
612
621
623
625
632
633
641
649
650
664
665
667
668
670
676
682
683
684
692
694
698
702
705
708
710
716
718
719
720
722
723
730
744
745
748
749
750
752
759
761
771
772
775
778
779
786
790
796
797
798
805
806
808
809
813
816
817
824
825
827
828
829
836
840
849
850
858
859
860
863
865
866
869
870
872
877
883
888
893
895
896
902
904
913
914
917
922
923
929
931
936
937
938
941
947
948
955
957
963
966
967
980
987
989
999
1002
1008
1010
1011
1016
1017
1019
1020
1022
1025
1030
1033
1035
1039
1040
1045
1047
1049
1050
1055
1061
1062
1070
1076
1078
1081
1084
1085
1092
1093
1096
1099
1101
1103
1105
1108
1109
1111
1112
1115
1120
1137
1147
1153
1173
1177
1178
1179
1185
1187
1197
1199
1203
1216
1222
1229
1230
1238
1242
1246
1247
1257
1258
1260
1261
1262
1265
1268
1269
1270
1288
1290
1306
1311
1312
1320
1329
1333
1338
1339
1346
1360
1363
1365
1366
1367
1368
1371
1374
1377
1378
1390
1396
1409
1410
1412
1416
1420
1422
1427
1428
1433
1435
1438
1441
1444
1457
1458
1462
1464
1465
1470
1472
1475
1478
1487
1499
1500
1502
1504
1506
1509
1513
1514
1518
1528
1530
1534
1536
1544
1552
1554
1559
1560
1562
1565
1566
1569
1574
1585
1588
1589
1590
1591
1594
1601
1605
1606
1614
1617
1618
1620
1625
1638
1642
1644
1646
1648
1651
1654
1659
1669
1672
1673
1676
1678
1680
1681
1683
1686
1702
1703
1711
1712
1718
1722
1724
1726
1729
1734
1738
1744
1746
1750
1751
1752
1754
1755
1757
1764
1767
1768
1771
1776
1777
1791
1798
1805
1806
1807
1812
1815
1823
1833
1836
1839
1854
1855
1857
1860
1863
1864
1866
1867
1883
1889
1897
1905
1912
1915
1916
1920
1925
1927
1928
1934
1939
1940
1942
1943
1946
1948
1953
1963
1970
1974
1979
1982
1988
1991
1992
1997
2007
2008
2009
